Design Variation:  d_min='15um' diff_depth='1um' l_tsv='50um' metal_depth='0.3um' r_tsv='4um' ring_distance='16um' substrate_length='210um' t_ox='0.8um' t_ring='2um' tie_size='1um' w_dep='0.047891um'
Setup1:LastAdaptive
Problem Type:  C
C Units:farad, G Units:mSie
Reduce Matrix:  Original
Frequency:  6GHz

Capacitance Matrix
,TSV1,TSV2,TSV3,TSV4,TSV5,TSV6,TSV7,TSV8,TSV9,TSV10,TSV11,TSV12,TSV13,TSV14,TSV15,TSV16,TSV17,TSV18,TSV19,TSV20,TSV21,TSV22,TSV23,TSV24,TSV25,
TSV1,2.7717E-14,-8.4088E-15,-1.042E-15,-3.2613E-16,-3.0949E-16,-8.4112E-15,-2.078E-15,0,0,-2.28E-17,-1.0458E-15,0,0,0,-3.1358E-17,-3.2473E-16,0,0,-2.3508E-19,-3.3351E-17,-3.0581E-16,-2.4461E-17,-3.3157E-17,-3.4292E-17,-5.5653E-17
TSV2,-8.4088E-15,3.0065E-14,-7.7267E-15,-8.113E-16,-3.0094E-16,-2.2497E-15,-6.1623E-15,-2.0207E-15,0,-1.718E-17,-5.3951E-17,-7.3302E-17,-7.7864E-18,-5.7263E-19,-2.4985E-17,-3.3299E-17,0,0,0,-2.6234E-17,-2.2544E-17,0,-8.6E-18,-9.9676E-18,-3.4473E-17
TSV3,-1.042E-15,-7.7267E-15,3.0208E-14,-7.7128E-15,-9.9887E-16,-6.3879E-17,-1.9911E-15,-6.1619E-15,-2.0059E-15,-5.075E-17,0,-1.7047E-17,-4.1333E-17,-1.3478E-17,0,-2.6799E-17,0,0,0,-2.8931E-17,-3.27E-17,-8.4787E-18,-1.1802E-17,-6.1713E-18,-2.822E-17
TSV4,-3.2613E-16,-8.113E-16,-7.7128E-15,3.0074E-14,-8.3798E-15,-3.4061E-17,0,-2.0207E-15,-6.1731E-15,-2.2347E-15,-2.6355E-17,-1.7542E-18,-9.3615E-18,-7.1726E-17,-4.0725E-17,-2.3135E-17,0,0,0,-2.6655E-17,-3.3071E-17,-9.1373E-18,-1.0472E-17,0,-1.0003E-17
TSV5,-3.0949E-16,-3.0094E-16,-9.9887E-16,-8.3798E-15,2.7708E-14,-2.5573E-17,0,0,-2.078E-15,-8.3764E-15,-3.5622E-17,0,0,0,-1.0118E-15,-3.3253E-17,0,0,0,-3.1306E-16,-5.6505E-17,-3.3716E-17,-2.821E-17,-1.8964E-17,-3.0006E-16
TSV6,-8.4112E-15,-2.2497E-15,-6.3879E-17,-3.4061E-17,-2.5573E-17,3.0114E-14,-6.1643E-15,-6.9094E-17,0,0,-7.7183E-15,-2.0154E-15,-1.3788E-17,0,-1.5892E-17,-8.1498E-16,0,0,0,-8.0171E-18,-2.9919E-16,-1.6212E-17,-2.2829E-17,-2.3662E-17,-2.9604E-17
TSV7,-2.078E-15,-6.1623E-15,-1.9911E-15,0,0,-6.1643E-15,3.2044E-14,-6.0784E-15,-3.6196E-17,0,-1.9873E-15,-6.0939E-15,-1.9678E-15,-9.2432E-18,0,0,-3.9674E-17,-8.6542E-18,0,0,0,0,0,0,0
TSV8,0,-2.0207E-15,-6.1619E-15,-2.0207E-15,0,-6.9094E-17,-6.0784E-15,3.2074E-14,-6.0785E-15,-6.7373E-17,-2.1468E-17,-1.9398E-15,-6.087E-15,-1.9431E-15,-1.9593E-17,0,-1.2826E-17,-3.0473E-17,-8.9836E-18,0,0,0,0,0,0
TSV9,0,0,-2.0059E-15,-6.1731E-15,-2.078E-15,0,-3.6196E-17,-6.0785E-15,3.2042E-14,-6.1669E-15,0,-5.6429E-18,-1.9633E-15,-6.0936E-15,-1.9891E-15,0,-8.6261E-19,-1.1312E-17,-3.9137E-17,0,0,0,0,0,0
TSV10,-2.28E-17,-1.718E-17,-5.075E-17,-2.2347E-15,-8.3764E-15,0,0,-6.7373E-17,-6.1669E-15,3.0088E-14,-9.9017E-18,0,-1.3854E-17,-2.0152E-15,-7.7607E-15,-9.7749E-18,0,0,0,-8.4443E-16,-3.4125E-17,-2.4933E-17,-2.6462E-17,-1.3773E-17,-3.1814E-16
TSV11,-1.0458E-15,-5.3951E-17,0,-2.6355E-17,-3.5622E-17,-7.7183E-15,-1.9873E-15,-2.1468E-17,0,-9.9017E-18,3.0243E-14,-6.16E-15,-4.4316E-17,0,-1.7314E-17,-7.721E-15,-2.0053E-15,-1.0707E-17,0,-1.1827E-17,-1.0161E-15,-4.7836E-17,0,-2.9871E-17,-2.6375E-17
TSV12,0,-7.3302E-17,-1.7047E-17,-1.7542E-18,0,-2.0154E-15,-6.0939E-15,-1.9398E-15,-5.6429E-18,0,-6.16E-15,3.2059E-14,-6.0752E-15,-2.968E-17,0,-2.0217E-15,-6.0919E-15,-1.9563E-15,-9.2944E-18,0,0,-7.5938E-17,-1.7784E-17,0,0
TSV13,0,-7.7864E-18,-4.1333E-17,-9.3615E-18,0,-1.3788E-17,-1.9678E-15,-6.087E-15,-1.9633E-15,-1.3854E-17,-4.4316E-17,-6.0752E-15,3.2104E-14,-6.075E-15,-4.4148E-17,-1.0352E-17,-1.9732E-15,-6.0771E-15,-1.9775E-15,-9.5925E-18,0,-1.2267E-17,-4.7757E-17,-1.2933E-17,0
TSV14,0,-5.7263E-19,-1.3478E-17,-7.1726E-17,0,0,-9.2432E-18,-1.9431E-15,-6.0936E-15,-2.0152E-15,0,-2.968E-17,-6.075E-15,3.2059E-14,-6.1604E-15,0,-9.6537E-18,-1.952E-15,-6.0909E-15,-2.0169E-15,0,0,-1.4209E-17,-7.188E-17,0
TSV15,-3.1358E-17,-2.4985E-17,0,-4.0725E-17,-1.0118E-15,-1.5892E-17,0,-1.9593E-17,-1.9891E-15,-7.7607E-15,-1.7314E-17,0,-4.4148E-17,-6.1604E-15,3.0165E-14,-5.8278E-18,0,-1.1862E-17,-2.0058E-15,-7.7515E-15,-2.7383E-17,-2.3998E-17,0,-5.4984E-17,-1.0196E-15
TSV16,-3.2473E-16,-3.3299E-17,-2.6799E-17,-2.3135E-17,-3.3253E-17,-8.1498E-16,0,0,0,-9.7749E-18,-7.721E-15,-2.0217E-15,-1.0352E-17,0,-5.8278E-18,3.0103E-14,-6.1735E-15,-6.4029E-17,0,0,-8.3719E-15,-2.2468E-15,-6.1422E-17,-3.5357E-17,-2.2676E-17
TSV17,0,0,0,0,0,0,-3.9674E-17,-1.2826E-17,-8.6261E-19,0,-2.0053E-15,-6.0919E-15,-1.9732E-15,-9.6537E-18,0,-6.1735E-15,3.2044E-14,-6.0771E-15,-3.5671E-17,0,-2.0789E-15,-6.161E-15,-1.992E-15,0,0
TSV18,0,0,0,0,0,0,-8.6542E-18,-3.0473E-17,-1.1312E-17,0,-1.0707E-17,-1.9563E-15,-6.0771E-15,-1.952E-15,-1.1862E-17,-6.4029E-17,-6.0771E-15,3.2075E-14,-6.0782E-15,-6.8218E-17,0,-2.0171E-15,-6.1632E-15,-2.0213E-15,0
TSV19,-2.3508E-19,0,0,0,0,0,0,-8.9836E-18,-3.9137E-17,0,0,-9.2944E-18,-1.9775E-15,-6.0909E-15,-2.0058E-15,0,-3.5671E-17,-6.0782E-15,3.2045E-14,-6.1729E-15,0,0,-2.0037E-15,-6.1734E-15,-2.0865E-15
TSV20,-3.3351E-17,-2.6234E-17,-2.8931E-17,-2.6655E-17,-3.1306E-16,-8.0171E-18,0,0,0,-8.4443E-16,-1.1827E-17,0,-9.5925E-18,-2.0169E-15,-7.7515E-15,0,0,-6.8218E-17,-6.1729E-15,3.0083E-14,-2.1697E-17,-1.6918E-17,-4.9226E-17,-2.2513E-15,-8.3657E-15
TSV21,-3.0581E-16,-2.2544E-17,-3.27E-17,-3.3071E-17,-5.6505E-17,-2.9919E-16,0,0,0,-3.4125E-17,-1.0161E-15,0,0,0,-2.7383E-17,-8.3719E-15,-2.0789E-15,0,0,-2.1697E-17,2.7735E-14,-8.4202E-15,-1.0381E-15,-3.2476E-16,-3.0261E-16
TSV22,-2.4461E-17,0,-8.4787E-18,-9.1373E-18,-3.3716E-17,-1.6212E-17,0,0,0,-2.4933E-17,-4.7836E-17,-7.5938E-17,-1.2267E-17,0,-2.3998E-17,-2.2468E-15,-6.161E-15,-2.0171E-15,0,-1.6918E-17,-8.4202E-15,3.0077E-14,-7.7201E-15,-8.1386E-16,-2.9732E-16
TSV23,-3.3157E-17,-8.6E-18,-1.1802E-17,-1.0472E-17,-2.821E-17,-2.2829E-17,0,0,0,-2.6462E-17,0,-1.7784E-17,-4.7757E-17,-1.4209E-17,0,-6.1422E-17,-1.992E-15,-6.1632E-15,-2.0037E-15,-4.9226E-17,-1.0381E-15,-7.7201E-15,3.0209E-14,-7.727E-15,-9.9998E-16
TSV24,-3.4292E-17,-9.9676E-18,-6.1713E-18,0,-1.8964E-17,-2.3662E-17,0,0,0,-1.3773E-17,-2.9871E-17,0,-1.2933E-17,-7.188E-17,-5.4984E-17,-3.5357E-17,0,-2.0213E-15,-6.1734E-15,-2.2513E-15,-3.2476E-16,-8.1386E-16,-7.727E-15,3.0063E-14,-8.3643E-15
TSV25,-5.5653E-17,-3.4473E-17,-2.822E-17,-1.0003E-17,-3.0006E-16,-2.9604E-17,0,0,0,-3.1814E-16,-2.6375E-17,0,0,0,-1.0196E-15,-2.2676E-17,0,0,-2.0865E-15,-8.3657E-15,-3.0261E-16,-2.9732E-16,-9.9998E-16,-8.3643E-15,2.7821E-14

Capacitance Matrix Coupling Coefficient
,TSV1,TSV2,TSV3,TSV4,TSV5,TSV6,TSV7,TSV8,TSV9,TSV10,TSV11,TSV12,TSV13,TSV14,TSV15,TSV16,TSV17,TSV18,TSV19,TSV20,TSV21,TSV22,TSV23,TSV24,TSV25,
TSV1,1,0.29129,0.036012,0.011296,0.011168,0.29114,0.069727,0,0,0.00078953,0.036121,0,0,0,0.0010845,0.011242,0,0,7.8878E-06,0.001155,0.01103,0.00084719,0.0011458,0.0011879,0.0020041
TSV2,0.29129,1,0.25639,0.026981,0.010427,0.074768,0.19854,0.065073,0,0.0005712,0.0017892,0.0023611,0.00025063,1.8445E-05,0.00082967,0.0011069,0,0,0,0.00087231,0.00078072,0,0.00028536,0.00033155,0.001192
TSV3,0.036012,0.25639,1,0.25589,0.034526,0.0021179,0.063996,0.19796,0.064475,0.0016834,0,0.0005478,0.0013272,0.0004331,0,0.00088869,0,0,0,0.00095973,0.0011297,0.00028129,0.00039068,0.00020479,0.00097343
TSV4,0.011296,0.026981,0.25589,1,0.29029,0.0011318,0,0.065063,0.19886,0.07429,0.00087389,5.6495E-05,0.00030128,0.0023099,0.0013521,0.00076891,0,0,0,0.00088617,0.0011451,0.00030381,0.00034741,0,0.00034583
TSV5,0.011168,0.010427,0.034526,0.29029,1,0.00088532,0,0,0.069739,0.29011,0.0012306,0,0,0,0.034997,0.0011514,0,0,0,0.010843,0.0020383,0.0011679,0.00097507,0.00065706,0.010808
TSV6,0.29114,0.074768,0.0021179,0.0011318,0.00088532,1,0.19844,0.0022232,0,0,0.25575,0.064863,0.00044345,0,0.00052729,0.027068,0,0,0,0.00026636,0.010352,0.00053869,0.00075688,0.0007864,0.0010228
TSV7,0.069727,0.19854,0.063996,0,0,0.19844,1,0.1896,0.0011296,0,0.063839,0.19013,0.061351,0.00028839,0,0,0.0012381,0.00026995,0,0,0,0,0,0,0
TSV8,0,0.065073,0.19796,0.065063,0,0.0022232,0.1896,1,0.18961,0.0021688,0.00068929,0.060495,0.18969,0.060597,0.00062992,0,0.00040009,0.00095009,0.00028022,0,0,0,0,0,0
TSV9,0,0,0.064475,0.19886,0.069739,0,0.0011296,0.18961,1,0.19861,0,0.00017606,0.061212,0.19012,0.063979,0,2.692E-05,0.00035286,0.0012214,0,0,0,0,0,0
TSV10,0.00078953,0.0005712,0.0016834,0.07429,0.29011,0,0,0.0021688,0.19861,1,0.00032825,0,0.00044577,0.064885,0.25761,0.0003248,0,0,0,0.028068,0.0011813,0.00082881,0.00087771,0.00045795,0.010996
TSV11,0.036121,0.0017892,0,0.00087389,0.0012306,0.25575,0.063839,0.00068929,0,0.00032825,1,0.19783,0.0014222,0,0.00057325,0.25589,0.064416,0.00034379,0,0.00039209,0.035083,0.0015861,0,0.00099065,0.00090926
TSV12,0,0.0023611,0.0005478,5.6495E-05,0,0.064863,0.19013,0.060495,0.00017606,0,0.19783,1,0.18937,0.00092579,0,0.065079,0.19007,0.061009,0.00028998,0,0,0.0024455,0.00057146,0,0
TSV13,0,0.00025063,0.0013272,0.00030128,0,0.00044345,0.061351,0.18969,0.061212,0.00044577,0.0014222,0.18937,1,0.18936,0.0014187,0.000333,0.061521,0.18938,0.061652,0.00030867,0,0.00039475,0.0015335,0.00041629,0
TSV14,0,1.8445E-05,0.0004331,0.0023099,0,0,0.00028839,0.060597,0.19012,0.064885,0,0.00092579,0.18936,1,0.1981,0,0.00030119,0.060873,0.19003,0.064945,0,0,0.00045657,0.0023153,0
TSV15,0.0010845,0.00082967,0,0.0013521,0.034997,0.00052729,0,0.00062992,0.063979,0.25761,0.00057325,0,0.0014187,0.1981,1,0.0001934,0,0.00038137,0.064515,0.25732,0.0009467,0.00079673,0,0.0018259,0.035197
TSV16,0.011242,0.0011069,0.00088869,0.00076891,0.0011514,0.027068,0,0,0,0.0003248,0.25589,0.065079,0.000333,0,0.0001934,1,0.19877,0.0020606,0,0,0.28974,0.074669,0.0020368,0.0011753,0.00078356
TSV17,0,0,0,0,0,0,0.0012381,0.00040009,2.692E-05,0,0.064416,0.19007,0.061521,0.00030119,0,0.19877,1,0.18956,0.0011132,0,0.069736,0.19845,0.064024,0,0
TSV18,0,0,0,0,0,0,0.00026995,0.00095009,0.00035286,0,0.00034379,0.061009,0.18938,0.060873,0.00038137,0.0020606,0.18956,1,0.18959,0.0021961,0,0.064943,0.198,0.065094,0
TSV19,7.8878E-06,0,0,0,0,0,0,0.00028022,0.0012214,0,0,0.00028998,0.061652,0.19003,0.064515,0,0.0011132,0.18959,1,0.19881,0,0,0.064398,0.1989,0.06988
TSV20,0.001155,0.00087231,0.00095973,0.00088617,0.010843,0.00026636,0,0,0,0.028068,0.00039209,0,0.00030867,0.064945,0.25732,0,0,0.0021961,0.19881,1,0.00075114,0.00056244,0.0016329,0.074863,0.28917
TSV21,0.01103,0.00078072,0.0011297,0.0011451,0.0020383,0.010352,0,0,0,0.0011813,0.035083,0,0,0,0.0009467,0.28974,0.069736,0,0,0.00075114,1,0.29153,0.035863,0.011247,0.010894
TSV22,0.00084719,0,0.00028129,0.00030381,0.0011679,0.00053869,0,0,0,0.00082881,0.0015861,0.0024455,0.00039475,0,0.00079673,0.074669,0.19845,0.064943,0,0.00056244,0.29153,1,0.25611,0.027065,0.010278
TSV23,0.0011458,0.00028536,0.00039068,0.00034741,0.00097507,0.00075688,0,0,0,0.00087771,0,0.00057146,0.0015335,0.00045657,0,0.0020368,0.064024,0.198,0.064398,0.0016329,0.035863,0.25611,1,0.2564,0.034493
TSV24,0.0011879,0.00033155,0.00020479,0,0.00065706,0.0007864,0,0,0,0.00045795,0.00099065,0,0.00041629,0.0023153,0.0018259,0.0011753,0,0.065094,0.1989,0.074863,0.011247,0.027065,0.2564,1,0.28922
TSV25,0.0020041,0.001192,0.00097343,0.00034583,0.010808,0.0010228,0,0,0,0.010996,0.00090926,0,0,0,0.035197,0.00078356,0,0,0.06988,0.28917,0.010894,0.010278,0.034493,0.28922,1

Spice Capacitance Matrix
,TSV1,TSV2,TSV3,TSV4,TSV5,TSV6,TSV7,TSV8,TSV9,TSV10,TSV11,TSV12,TSV13,TSV14,TSV15,TSV16,TSV17,TSV18,TSV19,TSV20,TSV21,TSV22,TSV23,TSV24,TSV25,
TSV1,5.2301E-15,8.4088E-15,1.042E-15,3.2613E-16,3.0949E-16,8.4112E-15,2.078E-15,-0,-0,2.28E-17,1.0458E-15,-0,-0,-0,3.1358E-17,3.2473E-16,-0,-0,2.3508E-19,3.3351E-17,3.0581E-16,2.4461E-17,3.3157E-17,3.4292E-17,5.5653E-17
TSV2,8.4088E-15,2.0714E-15,7.7267E-15,8.113E-16,3.0094E-16,2.2497E-15,6.1623E-15,2.0207E-15,-0,1.718E-17,5.3951E-17,7.3302E-17,7.7864E-18,5.7263E-19,2.4985E-17,3.3299E-17,-0,-0,-0,2.6234E-17,2.2544E-17,-0,8.6E-18,9.9676E-18,3.4473E-17
TSV3,1.042E-15,7.7267E-15,2.2389E-15,7.7128E-15,9.9887E-16,6.3879E-17,1.9911E-15,6.1619E-15,2.0059E-15,5.075E-17,-0,1.7047E-17,4.1333E-17,1.3478E-17,-0,2.6799E-17,-0,-0,-0,2.8931E-17,3.27E-17,8.4787E-18,1.1802E-17,6.1713E-18,2.822E-17
TSV4,3.2613E-16,8.113E-16,7.7128E-15,2.1193E-15,8.3798E-15,3.4061E-17,-0,2.0207E-15,6.1731E-15,2.2347E-15,2.6355E-17,1.7542E-18,9.3615E-18,7.1726E-17,4.0725E-17,2.3135E-17,-0,-0,-0,2.6655E-17,3.3071E-17,9.1373E-18,1.0472E-17,-0,1.0003E-17
TSV5,3.0949E-16,3.0094E-16,9.9887E-16,8.3798E-15,5.4076E-15,2.5573E-17,-0,-0,2.078E-15,8.3764E-15,3.5622E-17,-0,-0,-0,1.0118E-15,3.3253E-17,-0,-0,-0,3.1306E-16,5.6505E-17,3.3716E-17,2.821E-17,1.8964E-17,3.0006E-16
TSV6,8.4112E-15,2.2497E-15,6.3879E-17,3.4061E-17,2.5573E-17,2.1184E-15,6.1643E-15,6.9094E-17,-0,-0,7.7183E-15,2.0154E-15,1.3788E-17,-0,1.5892E-17,8.1498E-16,-0,-0,-0,8.0171E-18,2.9919E-16,1.6212E-17,2.2829E-17,2.3662E-17,2.9604E-17
TSV7,2.078E-15,6.1623E-15,1.9911E-15,-0,-0,6.1643E-15,-5.7332E-16,6.0784E-15,3.6196E-17,-0,1.9873E-15,6.0939E-15,1.9678E-15,9.2432E-18,-0,-0,3.9674E-17,8.6542E-18,-0,-0,-0,-0,-0,-0,-0
TSV8,-0,2.0207E-15,6.1619E-15,2.0207E-15,-0,6.9094E-17,6.0784E-15,-4.8655E-16,6.0785E-15,6.7373E-17,2.1468E-17,1.9398E-15,6.087E-15,1.9431E-15,1.9593E-17,-0,1.2826E-17,3.0473E-17,8.9836E-18,-0,-0,-0,-0,-0,-0
TSV9,-0,-0,2.0059E-15,6.1731E-15,2.078E-15,-0,3.6196E-17,6.0785E-15,-5.9941E-16,6.1669E-15,-0,5.6429E-18,1.9633E-15,6.0936E-15,1.9891E-15,-0,8.6261E-19,1.1312E-17,3.9137E-17,-0,-0,-0,-0,-0,-0
TSV10,2.28E-17,1.718E-17,5.075E-17,2.2347E-15,8.3764E-15,-0,-0,6.7373E-17,6.1669E-15,2.0806E-15,9.9017E-18,-0,1.3854E-17,2.0152E-15,7.7607E-15,9.7749E-18,-0,-0,-0,8.4443E-16,3.4125E-17,2.4933E-17,2.6462E-17,1.3773E-17,3.1814E-16
TSV11,1.0458E-15,5.3951E-17,-0,2.6355E-17,3.5622E-17,7.7183E-15,1.9873E-15,2.1468E-17,-0,9.9017E-18,2.2535E-15,6.16E-15,4.4316E-17,-0,1.7314E-17,7.721E-15,2.0053E-15,1.0707E-17,-0,1.1827E-17,1.0161E-15,4.7836E-17,-0,2.9871E-17,2.6375E-17
TSV12,-0,7.3302E-17,1.7047E-17,1.7542E-18,-0,2.0154E-15,6.0939E-15,1.9398E-15,5.6429E-18,-0,6.16E-15,-5.2565E-16,6.0752E-15,2.968E-17,-0,2.0217E-15,6.0919E-15,1.9563E-15,9.2944E-18,-0,-0,7.5938E-17,1.7784E-17,-0,-0
TSV13,-0,7.7864E-18,4.1333E-17,9.3615E-18,-0,1.3788E-17,1.9678E-15,6.087E-15,1.9633E-15,1.3854E-17,4.4316E-17,6.0752E-15,-3.5917E-16,6.075E-15,4.4148E-17,1.0352E-17,1.9732E-15,6.0771E-15,1.9775E-15,9.5925E-18,-0,1.2267E-17,4.7757E-17,1.2933E-17,-0
TSV14,-0,5.7263E-19,1.3478E-17,7.1726E-17,-0,-0,9.2432E-18,1.9431E-15,6.0936E-15,2.0152E-15,-0,2.968E-17,6.075E-15,-5.0846E-16,6.1604E-15,-0,9.6537E-18,1.952E-15,6.0909E-15,2.0169E-15,-0,-0,1.4209E-17,7.188E-17,-0
TSV15,3.1358E-17,2.4985E-17,-0,4.0725E-17,1.0118E-15,1.5892E-17,-0,1.9593E-17,1.9891E-15,7.7607E-15,1.7314E-17,-0,4.4148E-17,6.1604E-15,2.1476E-15,5.8278E-18,-0,1.1862E-17,2.0058E-15,7.7515E-15,2.7383E-17,2.3998E-17,-0,5.4984E-17,1.0196E-15
TSV16,3.2473E-16,3.3299E-17,2.6799E-17,2.3135E-17,3.3253E-17,8.1498E-16,-0,-0,-0,9.7749E-18,7.721E-15,2.0217E-15,1.0352E-17,-0,5.8278E-18,2.1023E-15,6.1735E-15,6.4029E-17,-0,-0,8.3719E-15,2.2468E-15,6.1422E-17,3.5357E-17,2.2676E-17
TSV17,-0,-0,-0,-0,-0,-0,3.9674E-17,1.2826E-17,8.6261E-19,-0,2.0053E-15,6.0919E-15,1.9732E-15,9.6537E-18,-0,6.1735E-15,-6.0781E-16,6.0771E-15,3.5671E-17,-0,2.0789E-15,6.161E-15,1.992E-15,-0,-0
TSV18,-0,-0,-0,-0,-0,-0,8.6542E-18,3.0473E-17,1.1312E-17,-0,1.0707E-17,1.9563E-15,6.0771E-15,1.952E-15,1.1862E-17,6.4029E-17,6.0771E-15,-4.7318E-16,6.0782E-15,6.8218E-17,-0,2.0171E-15,6.1632E-15,2.0213E-15,-0
TSV19,2.3508E-19,-0,-0,-0,-0,-0,-0,8.9836E-18,3.9137E-17,-0,-0,9.2944E-18,1.9775E-15,6.0909E-15,2.0058E-15,-0,3.5671E-17,6.0782E-15,-6.3695E-16,6.1729E-15,-0,-0,2.0037E-15,6.1734E-15,2.0865E-15
TSV20,3.3351E-17,2.6234E-17,2.8931E-17,2.6655E-17,3.1306E-16,8.0171E-18,-0,-0,-0,8.4443E-16,1.1827E-17,-0,9.5925E-18,2.0169E-15,7.7515E-15,-0,-0,6.8218E-17,6.1729E-15,2.0664E-15,2.1697E-17,1.6918E-17,4.9226E-17,2.2513E-15,8.3657E-15
TSV21,3.0581E-16,2.2544E-17,3.27E-17,3.3071E-17,5.6505E-17,2.9919E-16,-0,-0,-0,3.4125E-17,1.0161E-15,-0,-0,-0,2.7383E-17,8.3719E-15,2.0789E-15,-0,-0,2.1697E-17,5.3494E-15,8.4202E-15,1.0381E-15,3.2476E-16,3.0261E-16
TSV22,2.4461E-17,-0,8.4787E-18,9.1373E-18,3.3716E-17,1.6212E-17,-0,-0,-0,2.4933E-17,4.7836E-17,7.5938E-17,1.2267E-17,-0,2.3998E-17,2.2468E-15,6.161E-15,2.0171E-15,-0,1.6918E-17,8.4202E-15,2.1069E-15,7.7201E-15,8.1386E-16,2.9732E-16
TSV23,3.3157E-17,8.6E-18,1.1802E-17,1.0472E-17,2.821E-17,2.2829E-17,-0,-0,-0,2.6462E-17,-0,1.7784E-17,4.7757E-17,1.4209E-17,-0,6.1422E-17,1.992E-15,6.1632E-15,2.0037E-15,4.9226E-17,1.0381E-15,7.7201E-15,2.2335E-15,7.727E-15,9.9998E-16
TSV24,3.4292E-17,9.9676E-18,6.1713E-18,-0,1.8964E-17,2.3662E-17,-0,-0,-0,1.3773E-17,2.9871E-17,-0,1.2933E-17,7.188E-17,5.4984E-17,3.5357E-17,-0,2.0213E-15,6.1734E-15,2.2513E-15,3.2476E-16,8.1386E-16,7.727E-15,2.0752E-15,8.3643E-15
TSV25,5.5653E-17,3.4473E-17,2.822E-17,1.0003E-17,3.0006E-16,2.9604E-17,-0,-0,-0,3.1814E-16,2.6375E-17,-0,-0,-0,1.0196E-15,2.2676E-17,-0,-0,2.0865E-15,8.3657E-15,3.0261E-16,2.9732E-16,9.9998E-16,8.3643E-15,5.5599E-15

Conductance Matrix
,TSV1,TSV2,TSV3,TSV4,TSV5,TSV6,TSV7,TSV8,TSV9,TSV10,TSV11,TSV12,TSV13,TSV14,TSV15,TSV16,TSV17,TSV18,TSV19,TSV20,TSV21,TSV22,TSV23,TSV24,TSV25,
TSV1,0.61601,-0.060659,-0.043289,-0.014693,-0.011022,-0.060176,-0.060777,-0.01471,-0.0018453,-0.0033946,-0.043567,-0.01477,-0.0013383,0.00076867,-0.0012282,-0.014474,-0.0017822,0.00064438,-2.095E-05,-0.0013351,-0.010904,-0.0033284,-0.0012495,-0.0014532,-0.0016415
TSV2,-0.060659,0.54973,-0.046278,-0.035607,-0.014252,-0.061062,-0.046587,-0.049716,-0.013108,-0.0052731,-0.01771,-0.019406,-0.011364,-0.0022755,-0.0026075,-0.0054119,-0.0012554,-0.00045768,2.392E-05,-0.001789,-0.003261,0.00022266,-0.00027739,-0.00039136,-0.0014039
TSV3,-0.043289,-0.046278,0.55337,-0.045531,-0.042275,-0.018457,-0.049138,-0.04448,-0.049105,-0.017988,-0.0030931,-0.012013,-0.01837,-0.01192,-0.0028729,-0.0026782,-0.00057069,-0.00072602,-0.00050439,-0.0026188,-0.001258,-0.00028995,-0.0015578,-9.9677E-05,-0.00097651
TSV4,-0.014693,-0.035607,-0.045531,0.55091,-0.059882,-0.0055158,-0.013039,-0.049817,-0.046641,-0.060554,-0.0026667,-0.0023209,-0.011409,-0.019408,-0.017221,-0.0017118,1.6982E-05,-0.00047102,-0.0012004,-0.0051628,-0.0014269,-0.00037333,-6.1056E-05,0.00056313,-0.002812
TSV5,-0.011022,-0.014252,-0.042275,-0.059882,0.61584,-0.0034997,-0.0016749,-0.014485,-0.060871,-0.059494,-0.0014163,0.00081726,-0.0014014,-0.014603,-0.043429,-0.0014098,3.5555E-06,0.00065489,-0.0017767,-0.014331,-0.0018049,-0.0014709,-0.001062,-0.0032181,-0.010722
TSV6,-0.060176,-0.061062,-0.018457,-0.0055158,-0.0034997,0.55035,-0.047243,-0.019047,-0.001294,0.00039658,-0.046297,-0.050071,-0.011428,-0.00031252,-0.00019818,-0.035776,-0.012964,-0.0022718,-3.9975E-06,-0.00022188,-0.014111,-0.0052952,-0.0025722,-0.001705,-0.0012345
TSV7,-0.060777,-0.046587,-0.049138,-0.013039,-0.0016749,-0.047243,0.50417,-0.041448,-0.017334,-0.0011979,-0.049215,-0.042069,-0.045648,-0.0098324,-0.00057205,-0.012903,-0.017298,-0.0099695,-0.0021234,-1.3665E-05,-0.0016285,-0.0012159,-0.00057609,7.0482E-06,-7.5835E-06
TSV8,-0.01471,-0.049716,-0.04448,-0.049817,-0.014485,-0.019047,-0.041448,0.50508,-0.04159,-0.019015,-0.012093,-0.044477,-0.04106,-0.045002,-0.012017,-0.0023481,-0.0099591,-0.015988,-0.0099362,-0.0022943,0.00065112,-0.00052805,-0.00088574,-0.00050853,0.00067256
TSV9,-0.0018453,-0.013108,-0.049105,-0.046641,-0.060871,-0.001294,-0.017334,-0.04159,0.50414,-0.047454,-0.00066077,-0.0098772,-0.045071,-0.042156,-0.049562,-4.7374E-05,-0.0021337,-0.0099799,-0.017318,-0.01293,-2.7387E-05,2.2816E-05,-0.00056314,-0.0012439,-0.0016055
TSV10,-0.0033946,-0.0052731,-0.017988,-0.060554,-0.059494,0.00039658,-0.0011979,-0.019015,-0.047454,0.55046,-0.00033699,-0.00032504,-0.011427,-0.050068,-0.046923,-0.00038099,-1.7472E-05,-0.0023225,-0.01319,-0.036317,-0.0014915,-0.0018141,-0.0026691,-0.0055558,-0.014365
TSV11,-0.043567,-0.01771,-0.0030931,-0.0026667,-0.0014163,-0.046297,-0.049215,-0.012093,-0.00066077,-0.00033699,0.55164,-0.044653,-0.018331,-0.00078195,-0.0019554,-0.045439,-0.049706,-0.011753,-0.000483,-8.0456E-05,-0.042919,-0.017729,-0.0030546,-0.0026805,-0.00092007
TSV12,-0.01477,-0.019406,-0.012013,-0.0023209,0.00081726,-0.050071,-0.042069,-0.044477,-0.0098772,-0.00032504,-0.044653,0.50462,-0.040709,-0.015973,-0.00077907,-0.049592,-0.041666,-0.045238,-0.0098831,-0.00071145,-0.014186,-0.019042,-0.011904,-0.002291,0.00053016
TSV13,-0.0013383,-0.011364,-0.01837,-0.011409,-0.0014014,-0.011428,-0.045648,-0.04106,-0.045071,-0.011427,-0.018331,-0.040709,0.50602,-0.040707,-0.018367,-0.01124,-0.045197,-0.040573,-0.045759,-0.011188,-0.0011673,-0.011377,-0.018236,-0.011452,-0.0010486
TSV14,0.00076867,-0.0022755,-0.01192,-0.019408,-0.014603,-0.00031252,-0.0098324,-0.045002,-0.042156,-0.050068,-0.00078195,-0.015973,-0.040707,0.50459,-0.04502,-0.00075187,-0.0098894,-0.044676,-0.041567,-0.049606,0.00057535,-0.0022361,-0.01184,-0.019086,-0.014021
TSV15,-0.0012282,-0.0026075,-0.0028729,-0.017221,-0.043429,-0.00019818,-0.00057205,-0.012017,-0.049562,-0.046923,-0.0019554,-0.00077907,-0.018367,-0.04502,0.55058,-0.00014303,-0.00049317,-0.011801,-0.049828,-0.046357,-0.001,-0.002573,-0.0029805,-0.017905,-0.043094
TSV16,-0.014474,-0.0054119,-0.0026782,-0.0017118,-0.0014098,-0.035776,-0.012903,-0.0023481,-4.7374E-05,-0.00038099,-0.045439,-0.049592,-0.01124,-0.00075187,-0.00014303,0.55125,-0.047594,-0.019161,-0.0012921,0.0005786,-0.05906,-0.06112,-0.01834,-0.0054607,-0.0033119
TSV17,-0.0017822,-0.0012554,-0.00057069,1.6982E-05,3.5555E-06,-0.012964,-0.017298,-0.0099591,-0.0021337,-1.7472E-05,-0.049706,-0.041666,-0.045197,-0.0098894,-0.00049317,-0.047594,0.50407,-0.041598,-0.017337,-0.0011889,-0.061089,-0.046779,-0.049225,-0.013048,-0.001613
TSV18,0.00064438,-0.00045768,-0.00072602,-0.00047102,0.00065489,-0.0022718,-0.0099695,-0.015988,-0.0099799,-0.0023225,-0.011753,-0.045238,-0.040573,-0.044676,-0.011801,-0.019161,-0.041598,0.50505,-0.041481,-0.019015,-0.014661,-0.049787,-0.044742,-0.049831,-0.014405
TSV19,-2.095E-05,2.392E-05,-0.00050439,-0.0012004,-0.0017767,-3.9975E-06,-0.0021234,-0.0099362,-0.017318,-0.01319,-0.000483,-0.0098831,-0.045759,-0.041567,-0.049828,-0.0012921,-0.017337,-0.041481,0.50406,-0.047582,-0.0019033,-0.013127,-0.049278,-0.046834,-0.06053
TSV20,-0.0013351,-0.001789,-0.0026188,-0.0051628,-0.014331,-0.00022188,-1.3665E-05,-0.0022943,-0.01293,-0.036317,-8.0456E-05,-0.00071145,-0.011188,-0.049606,-0.046357,0.0005786,-0.0011889,-0.019015,-0.047582,0.55047,-0.0031923,-0.0051546,-0.017973,-0.060576,-0.05815
TSV21,-0.010904,-0.003261,-0.001258,-0.0014269,-0.0018049,-0.014111,-0.0016285,0.00065112,-2.7387E-05,-0.0014915,-0.042919,-0.014186,-0.0011673,0.00057535,-0.001,-0.05906,-0.061089,-0.014661,-0.0019033,-0.0031923,0.6161,-0.060833,-0.042991,-0.014617,-0.01078
TSV22,-0.0033284,0.00022266,-0.00028995,-0.00037333,-0.0014709,-0.0052952,-0.0012159,-0.00052805,2.2816E-05,-0.0018141,-0.017729,-0.019042,-0.011377,-0.0022361,-0.002573,-0.06112,-0.046779,-0.049787,-0.013127,-0.0051546,-0.060833,0.55131,-0.045914,-0.035713,-0.014051
TSV23,-0.0012495,-0.00027739,-0.0015578,-6.1056E-05,-0.001062,-0.0025722,-0.00057609,-0.00088574,-0.00056314,-0.0026691,-0.0030546,-0.011904,-0.018236,-0.01184,-0.0029805,-0.01834,-0.049225,-0.044742,-0.049278,-0.017973,-0.042991,-0.045914,0.55386,-0.045771,-0.042126
TSV24,-0.0014532,-0.00039136,-9.9677E-05,0.00056313,-0.0032181,-0.001705,7.0482E-06,-0.00050853,-0.0012439,-0.0055558,-0.0026805,-0.002291,-0.011452,-0.019086,-0.017905,-0.0054607,-0.013048,-0.049831,-0.046834,-0.060576,-0.014617,-0.035713,-0.045771,0.55115,-0.058918
TSV25,-0.0016415,-0.0014039,-0.00097651,-0.002812,-0.010722,-0.0012345,-7.5835E-06,0.00067256,-0.0016055,-0.014365,-0.00092007,0.00053016,-0.0010486,-0.014021,-0.043094,-0.0033119,-0.001613,-0.014405,-0.06053,-0.05815,-0.01078,-0.014051,-0.042126,-0.058918,0.60741

Conductance Matrix Coupling Coefficient
,TSV1,TSV2,TSV3,TSV4,TSV5,TSV6,TSV7,TSV8,TSV9,TSV10,TSV11,TSV12,TSV13,TSV14,TSV15,TSV16,TSV17,TSV18,TSV19,TSV20,TSV21,TSV22,TSV23,TSV24,TSV25,
TSV1,1,0.10424,0.074144,0.025222,0.017896,0.10335,0.10906,0.026372,0.0033113,0.0058295,0.074738,0.026491,0.002397,0.0013787,0.002109,0.024838,0.0031983,0.0011553,3.7597E-05,0.0022927,0.017699,0.0057114,0.0021392,0.002494,0.0026836
TSV2,0.10424,1,0.083905,0.064701,0.024495,0.11101,0.088491,0.094348,0.024899,0.0095857,0.032159,0.036845,0.021546,0.0043205,0.0047396,0.0098311,0.0023847,0.0008686,4.544E-05,0.0032522,0.0056033,0.00040445,0.00050271,0.00071099,0.0024295
TSV3,0.074144,0.083905,1,0.082463,0.072416,0.033446,0.09303,0.084134,0.092971,0.032592,0.0055984,0.022733,0.034715,0.022558,0.0052048,0.0048492,0.0010806,0.0013733,0.00095503,0.004745,0.0021546,0.00052495,0.0028139,0.00018049,0.0016843
TSV4,0.025222,0.064701,0.082463,1,0.10281,0.010017,0.024741,0.09444,0.088502,0.10996,0.0048373,0.0044019,0.021608,0.036811,0.031269,0.0031062,3.2226E-05,0.00089296,0.0022779,0.0093751,0.0024491,0.00067741,0.00011053,0.001022,0.0048611
TSV5,0.017896,0.024495,0.072416,0.10281,1,0.0060115,0.0030059,0.025972,0.10925,0.10218,0.00243,0.001466,0.0025103,0.026196,0.074582,0.0024196,6.3814E-06,0.0011743,0.003189,0.024613,0.0029302,0.0025243,0.0018184,0.0055237,0.01753
TSV6,0.10335,0.11101,0.033446,0.010017,0.0060115,1,0.089687,0.036128,0.0024567,0.00072052,0.084025,0.095014,0.021656,0.00059305,0.00036002,0.064954,0.024614,0.0043091,7.5899E-06,0.00040312,0.024233,0.0096133,0.0046589,0.0030958,0.0021352
TSV7,0.10906,0.088491,0.09303,0.024741,0.0030059,0.089687,1,0.082136,0.034383,0.0022739,0.093322,0.083405,0.090376,0.019494,0.0010858,0.024475,0.034313,0.019757,0.0042121,2.5939E-05,0.002922,0.0023063,0.0010902,1.3371E-05,1.3704E-05
TSV8,0.026372,0.094348,0.084134,0.09444,0.025972,0.036128,0.082136,1,0.08242,0.036063,0.022909,0.0881,0.081218,0.089142,0.022788,0.0044501,0.019738,0.031656,0.019693,0.0043512,0.0011672,0.0010007,0.0016747,0.00096383,0.0012143
TSV9,0.0033113,0.024899,0.092971,0.088502,0.10925,0.0024567,0.034383,0.08242,1,0.090081,0.001253,0.019583,0.089236,0.083583,0.094073,8.9866E-05,0.0042326,0.019778,0.034355,0.024545,4.9142E-05,4.3278E-05,0.0010657,0.0023597,0.0029013
TSV10,0.0058295,0.0095857,0.032592,0.10996,0.10218,0.00072052,0.0022739,0.036063,0.090081,1,0.00061155,0.00061673,0.021652,0.095002,0.085234,0.00069164,3.3169E-05,0.0044047,0.02504,0.065975,0.0025612,0.003293,0.0048339,0.010087,0.024842
TSV11,0.074738,0.032159,0.0055984,0.0048373,0.00243,0.084025,0.093322,0.022909,0.001253,0.00061155,1,0.084634,0.034695,0.0014821,0.0035481,0.082401,0.094261,0.022266,0.00091597,0.000146,0.07362,0.032148,0.0055262,0.0048613,0.0015895
TSV12,0.026491,0.036845,0.022733,0.0044019,0.001466,0.095014,0.083405,0.0881,0.019583,0.00061673,0.084634,1,0.080561,0.031655,0.001478,0.094027,0.082615,0.089609,0.019596,0.0013499,0.025443,0.036103,0.022516,0.0043442,0.0009576
TSV13,0.002397,0.021546,0.034715,0.021608,0.0025103,0.021656,0.090376,0.081218,0.089236,0.021652,0.034695,0.080561,1,0.08056,0.034797,0.021281,0.089491,0.080259,0.090606,0.021199,0.0020906,0.021539,0.034446,0.021686,0.0018914
TSV14,0.0013787,0.0043205,0.022558,0.036811,0.026196,0.00059305,0.019494,0.089142,0.083583,0.095002,0.0014821,0.031655,0.08056,1,0.085413,0.0014256,0.019609,0.088498,0.082422,0.094124,0.0010319,0.0042397,0.022397,0.036192,0.025326
TSV15,0.002109,0.0047396,0.0052048,0.031269,0.074582,0.00036002,0.0010858,0.022788,0.094073,0.085234,0.0035481,0.001478,0.034797,0.085413,1,0.00025962,0.00093614,0.02238,0.094585,0.084205,0.001717,0.0046701,0.0053974,0.032503,0.074519
TSV16,0.024838,0.0098311,0.0048492,0.0031062,0.0024196,0.064954,0.024475,0.0044501,8.9866E-05,0.00069164,0.082401,0.094027,0.021281,0.0014256,0.00025962,1,0.090288,0.036314,0.0024512,0.0010504,0.10134,0.11087,0.033191,0.0099068,0.0057236
TSV17,0.0031983,0.0023847,0.0010806,3.2226E-05,6.3814E-06,0.024614,0.034313,0.019738,0.0042326,3.3169E-05,0.094261,0.082615,0.089491,0.019609,0.00093614,0.090288,1,0.082443,0.034394,0.002257,0.10962,0.088736,0.093163,0.024755,0.002915
TSV18,0.0011553,0.0008686,0.0013733,0.00089296,0.0011743,0.0043091,0.019757,0.031656,0.019778,0.0044047,0.022266,0.089609,0.080259,0.088498,0.02238,0.036314,0.082443,1,0.082213,0.036064,0.026283,0.094351,0.084596,0.094448,0.026007
TSV19,3.7597E-05,4.544E-05,0.00095503,0.0022779,0.003189,7.5899E-06,0.0042121,0.019693,0.034355,0.02504,0.00091597,0.019596,0.090606,0.082422,0.094585,0.0024512,0.034394,0.082213,1,0.090331,0.0034154,0.024902,0.093265,0.088856,0.10939
TSV20,0.0022927,0.0032522,0.004745,0.0093751,0.024613,0.00040312,2.5939E-05,0.0043512,0.024545,0.065975,0.000146,0.0013499,0.021199,0.094124,0.084205,0.0010504,0.002257,0.036064,0.090331,1,0.0054816,0.0093569,0.03255,0.10998,0.10056
TSV21,0.017699,0.0056033,0.0021546,0.0024491,0.0029302,0.024233,0.002922,0.0011672,4.9142E-05,0.0025612,0.07362,0.025443,0.0020906,0.0010319,0.001717,0.10134,0.10962,0.026283,0.0034154,0.0054816,1,0.10438,0.073595,0.025083,0.017622
TSV22,0.0057114,0.00040445,0.00052495,0.00067741,0.0025243,0.0096133,0.0023063,0.0010007,4.3278E-05,0.003293,0.032148,0.036103,0.021539,0.0042397,0.0046701,0.11087,0.088736,0.094351,0.024902,0.0093569,0.10438,1,0.083091,0.064788,0.02428
TSV23,0.0021392,0.00050271,0.0028139,0.00011053,0.0018184,0.0046589,0.0010902,0.0016747,0.0010657,0.0048339,0.0055262,0.022516,0.034446,0.022397,0.0053974,0.033191,0.093163,0.084596,0.093265,0.03255,0.073595,0.083091,1,0.082843,0.072629
TSV24,0.002494,0.00071099,0.00018049,0.001022,0.0055237,0.0030958,1.3371E-05,0.00096383,0.0023597,0.010087,0.0048613,0.0043442,0.021686,0.036192,0.032503,0.0099068,0.024755,0.094448,0.088856,0.10998,0.025083,0.064788,0.082843,1,0.10183
TSV25,0.0026836,0.0024295,0.0016843,0.0048611,0.01753,0.0021352,1.3704E-05,0.0012143,0.0029013,0.024842,0.0015895,0.0009576,0.0018914,0.025326,0.074519,0.0057236,0.002915,0.026007,0.10939,0.10056,0.017622,0.02428,0.072629,0.10183,1

Spice Conductance Matrix
,TSV1,TSV2,TSV3,TSV4,TSV5,TSV6,TSV7,TSV8,TSV9,TSV10,TSV11,TSV12,TSV13,TSV14,TSV15,TSV16,TSV17,TSV18,TSV19,TSV20,TSV21,TSV22,TSV23,TSV24,TSV25,
TSV1,0.24977,0.060659,0.043289,0.014693,0.011022,0.060176,0.060777,0.01471,0.0018453,0.0033946,0.043567,0.01477,0.0013383,-0.00076867,0.0012282,0.014474,0.0017822,-0.00064438,2.095E-05,0.0013351,0.010904,0.0033284,0.0012495,0.0014532,0.0016415
TSV2,0.060659,0.14983,0.046278,0.035607,0.014252,0.061062,0.046587,0.049716,0.013108,0.0052731,0.01771,0.019406,0.011364,0.0022755,0.0026075,0.0054119,0.0012554,0.00045768,-2.392E-05,0.001789,0.003261,-0.00022266,0.00027739,0.00039136,0.0014039
TSV3,0.043289,0.046278,0.13728,0.045531,0.042275,0.018457,0.049138,0.04448,0.049105,0.017988,0.0030931,0.012013,0.01837,0.01192,0.0028729,0.0026782,0.00057069,0.00072602,0.00050439,0.0026188,0.001258,0.00028995,0.0015578,9.9677E-05,0.00097651
TSV4,0.014693,0.035607,0.045531,0.15397,0.059882,0.0055158,0.013039,0.049817,0.046641,0.060554,0.0026667,0.0023209,0.011409,0.019408,0.017221,0.0017118,-1.6982E-05,0.00047102,0.0012004,0.0051628,0.0014269,0.00037333,6.1056E-05,-0.00056313,0.002812
TSV5,0.011022,0.014252,0.042275,0.059882,0.25322,0.0034997,0.0016749,0.014485,0.060871,0.059494,0.0014163,-0.00081726,0.0014014,0.014603,0.043429,0.0014098,-3.5555E-06,-0.00065489,0.0017767,0.014331,0.0018049,0.0014709,0.001062,0.0032181,0.010722
TSV6,0.060176,0.061062,0.018457,0.0055158,0.0034997,0.14998,0.047243,0.019047,0.001294,-0.00039658,0.046297,0.050071,0.011428,0.00031252,0.00019818,0.035776,0.012964,0.0022718,3.9975E-06,0.00022188,0.014111,0.0052952,0.0025722,0.001705,0.0012345
TSV7,0.060777,0.046587,0.049138,0.013039,0.0016749,0.047243,0.032665,0.041448,0.017334,0.0011979,0.049215,0.042069,0.045648,0.0098324,0.00057205,0.012903,0.017298,0.0099695,0.0021234,1.3665E-05,0.0016285,0.0012159,0.00057609,-7.0482E-06,7.5835E-06
TSV8,0.01471,0.049716,0.04448,0.049817,0.014485,0.019047,0.041448,0.015001,0.04159,0.019015,0.012093,0.044477,0.04106,0.045002,0.012017,0.0023481,0.0099591,0.015988,0.0099362,0.0022943,-0.00065112,0.00052805,0.00088574,0.00050853,-0.00067256
TSV9,0.0018453,0.013108,0.049105,0.046641,0.060871,0.001294,0.017334,0.04159,0.031741,0.047454,0.00066077,0.0098772,0.045071,0.042156,0.049562,4.7374E-05,0.0021337,0.0099799,0.017318,0.01293,2.7387E-05,-2.2816E-05,0.00056314,0.0012439,0.0016055
TSV10,0.0033946,0.0052731,0.017988,0.060554,0.059494,-0.00039658,0.0011979,0.019015,0.047454,0.14928,0.00033699,0.00032504,0.011427,0.050068,0.046923,0.00038099,1.7472E-05,0.0023225,0.01319,0.036317,0.0014915,0.0018141,0.0026691,0.0055558,0.014365
TSV11,0.043567,0.01771,0.0030931,0.0026667,0.0014163,0.046297,0.049215,0.012093,0.00066077,0.00033699,0.1341,0.044653,0.018331,0.00078195,0.0019554,0.045439,0.049706,0.011753,0.000483,8.0456E-05,0.042919,0.017729,0.0030546,0.0026805,0.00092007
TSV12,0.01477,0.019406,0.012013,0.0023209,-0.00081726,0.050071,0.042069,0.044477,0.0098772,0.00032504,0.044653,0.014007,0.040709,0.015973,0.00077907,0.049592,0.041666,0.045238,0.0098831,0.00071145,0.014186,0.019042,0.011904,0.002291,-0.00053016
TSV13,0.0013383,0.011364,0.01837,0.011409,0.0014014,0.011428,0.045648,0.04106,0.045071,0.011427,0.018331,0.040709,-0.0078516,0.040707,0.018367,0.01124,0.045197,0.040573,0.045759,0.011188,0.0011673,0.011377,0.018236,0.011452,0.0010486
TSV14,-0.00076867,0.0022755,0.01192,0.019408,0.014603,0.00031252,0.0098324,0.045002,0.042156,0.050068,0.00078195,0.015973,0.040707,0.0142,0.04502,0.00075187,0.0098894,0.044676,0.041567,0.049606,-0.00057535,0.0022361,0.01184,0.019086,0.014021
TSV15,0.0012282,0.0026075,0.0028729,0.017221,0.043429,0.00019818,0.00057205,0.012017,0.049562,0.046923,0.0019554,0.00077907,0.018367,0.04502,0.13165,0.00014303,0.00049317,0.011801,0.049828,0.046357,0.001,0.002573,0.0029805,0.017905,0.043094
TSV16,0.014474,0.0054119,0.0026782,0.0017118,0.0014098,0.035776,0.012903,0.0023481,4.7374E-05,0.00038099,0.045439,0.049592,0.01124,0.00075187,0.00014303,0.15218,0.047594,0.019161,0.0012921,-0.0005786,0.05906,0.06112,0.01834,0.0054607,0.0033119
TSV17,0.0017822,0.0012554,0.00057069,-1.6982E-05,-3.5555E-06,0.012964,0.017298,0.0099591,0.0021337,1.7472E-05,0.049706,0.041666,0.045197,0.0098894,0.00049317,0.047594,0.03169,0.041598,0.017337,0.0011889,0.061089,0.046779,0.049225,0.013048,0.001613
TSV18,-0.00064438,0.00045768,0.00072602,0.00047102,-0.00065489,0.0022718,0.0099695,0.015988,0.0099799,0.0023225,0.011753,0.045238,0.040573,0.044676,0.011801,0.019161,0.041598,0.015441,0.041481,0.019015,0.014661,0.049787,0.044742,0.049831,0.014405
TSV19,2.095E-05,-2.392E-05,0.00050439,0.0012004,0.0017767,3.9975E-06,0.0021234,0.0099362,0.017318,0.01319,0.000483,0.0098831,0.045759,0.041567,0.049828,0.0012921,0.017337,0.041481,0.03112,0.047582,0.0019033,0.013127,0.049278,0.046834,0.06053
TSV20,0.0013351,0.001789,0.0026188,0.0051628,0.014331,0.00022188,1.3665E-05,0.0022943,0.01293,0.036317,8.0456E-05,0.00071145,0.011188,0.049606,0.046357,-0.0005786,0.0011889,0.019015,0.047582,0.15326,0.0031923,0.0051546,0.017973,0.060576,0.05815
TSV21,0.010904,0.003261,0.001258,0.0014269,0.0018049,0.014111,0.0016285,-0.00065112,2.7387E-05,0.0014915,0.042919,0.014186,0.0011673,-0.00057535,0.001,0.05906,0.061089,0.014661,0.0019033,0.0031923,0.25302,0.060833,0.042991,0.014617,0.01078
TSV22,0.0033284,-0.00022266,0.00028995,0.00037333,0.0014709,0.0052952,0.0012159,0.00052805,-2.2816E-05,0.0018141,0.017729,0.019042,0.011377,0.0022361,0.002573,0.06112,0.046779,0.049787,0.013127,0.0051546,0.060833,0.1518,0.045914,0.035713,0.014051
TSV23,0.0012495,0.00027739,0.0015578,6.1056E-05,0.001062,0.0025722,0.00057609,0.00088574,0.00056314,0.0026691,0.0030546,0.011904,0.018236,0.01184,0.0029805,0.01834,0.049225,0.044742,0.049278,0.017973,0.042991,0.045914,0.13801,0.045771,0.042126
TSV24,0.0014532,0.00039136,9.9677E-05,-0.00056313,0.0032181,0.001705,-7.0482E-06,0.00050853,0.0012439,0.0055558,0.0026805,0.002291,0.011452,0.019086,0.017905,0.0054607,0.013048,0.049831,0.046834,0.060576,0.014617,0.035713,0.045771,0.15336,0.058918
TSV25,0.0016415,0.0014039,0.00097651,0.002812,0.010722,0.0012345,7.5835E-06,-0.00067256,0.0016055,0.014365,0.00092007,-0.00053016,0.0010486,0.014021,0.043094,0.0033119,0.001613,0.014405,0.06053,0.05815,0.01078,0.014051,0.042126,0.058918,0.25088

