Design Variation:  d_min='4um' diff_depth='1um' l_tsv='50um' metal_depth='0.3um' r_tsv='1um' ring_distance='5um' substrate_length='56um' t_ox='0.2um' t_ring='2um' tie_size='1um' w_dep='0.54594um'
Setup1:LastAdaptive
Problem Type:  C
C Units:farad, G Units:mSie
Reduce Matrix:  Original
Frequency:  6GHz

Capacitance Matrix
,TSV1,TSV2,TSV3,TSV4,TSV5,TSV6,TSV7,TSV8,TSV9,TSV10,TSV11,TSV12,TSV13,TSV14,TSV15,TSV16,TSV17,TSV18,TSV19,TSV20,TSV21,TSV22,TSV23,TSV24,TSV25,
TSV1,2.0467E-14,-5.8572E-15,-1.201E-15,-4.7617E-16,-5.0301E-16,-5.8479E-15,-1.6454E-15,-3.8425E-17,-8.3204E-18,-8.7326E-17,-1.1961E-15,-4.958E-17,-1.0127E-17,0,-3.5637E-17,-4.7656E-16,-5.5586E-18,0,-5.8154E-18,-3.8519E-17,-5.0855E-16,-8.9549E-17,-3.4743E-17,-3.8756E-17,-7.2707E-17
TSV2,-5.8572E-15,2.2171E-14,-5.4408E-15,-9.2599E-16,-4.6604E-16,-1.8841E-15,-4.2024E-15,-1.5561E-15,-5.94E-17,-1.005E-16,-1.7272E-16,-1.0987E-16,-6.3643E-17,-1.65E-17,-6.2709E-17,-1.048E-16,0,-4.9019E-18,0,-3.6754E-17,-9.0257E-17,0,-2.9805E-17,-7.4755E-18,-3.7862E-17
TSV3,-1.201E-15,-5.4408E-15,2.2443E-14,-5.4408E-15,-1.1856E-15,-1.6623E-16,-1.5465E-15,-4.1727E-15,-1.5487E-15,-1.6083E-16,-2.192E-18,-1.022E-16,-9.9264E-17,-1.0089E-16,-1.9842E-18,-6.2894E-17,0,0,0,-6.3736E-17,-3.517E-17,-2.9459E-17,-5.7789E-17,-2.8676E-17,-3.4112E-17
TSV4,-4.7617E-16,-9.2599E-16,-5.4408E-15,2.2199E-14,-5.8449E-15,-1.0472E-16,-5.807E-17,-1.5554E-15,-4.2026E-15,-1.8765E-15,-6.3812E-17,-1.7302E-17,-6.4347E-17,-1.0957E-16,-1.7043E-16,-3.5873E-17,0,-5.4344E-18,-1.3443E-19,-1.0526E-16,-3.7524E-17,-7.393E-18,-2.9795E-17,0,-8.8514E-17
TSV5,-5.0301E-16,-4.6604E-16,-1.1856E-15,-5.8449E-15,2.0481E-14,-8.8507E-17,-7.5678E-18,-3.7797E-17,-1.6437E-15,-5.8433E-15,-3.5604E-17,0,-9.5461E-18,-5.0087E-17,-1.1937E-15,-3.7292E-17,-3.4781E-18,0,-5.6497E-18,-4.7606E-16,-7.246E-17,-3.891E-17,-3.387E-17,-8.7395E-17,-5.0557E-16
TSV6,-5.8479E-15,-1.8841E-15,-1.6623E-16,-1.0472E-16,-8.8507E-17,2.2201E-14,-4.2064E-15,-1.0527E-16,0,0,-5.455E-15,-1.5636E-15,-6.7495E-17,-3.8013E-18,-3.1299E-17,-9.1297E-16,-4.9713E-17,-1.7957E-17,0,-6.3067E-18,-4.671E-16,-1.0324E-16,-6.0831E-17,-3.6298E-17,-3.7725E-17
TSV7,-1.6454E-15,-4.2024E-15,-1.5465E-15,-5.807E-17,-7.5678E-18,-4.2064E-15,2.3282E-14,-4.1869E-15,-1.2584E-16,0,-1.5402E-15,-4.2182E-15,-1.5025E-15,-6.2733E-17,0,-4.7605E-17,-1.1732E-16,-5.9376E-17,-1.3051E-17,0,-2.2228E-18,0,0,0,-3.2827E-19
TSV8,-3.8425E-17,-1.5561E-15,-4.1727E-15,-1.5554E-15,-3.7797E-17,-1.0527E-16,-4.1869E-15,2.3431E-14,-4.1871E-15,-1.0455E-16,-9.4091E-17,-1.4876E-15,-4.162E-15,-1.4864E-15,-9.4205E-17,-2.0748E-17,-5.7237E-17,-9.4664E-17,-5.8384E-17,-1.9775E-17,0,-4.5168E-18,0,-4.5373E-18,0
TSV9,-8.3204E-18,-5.94E-17,-1.5487E-15,-4.2026E-15,-1.6437E-15,0,-1.2584E-16,-4.1871E-15,2.328E-14,-4.2044E-15,0,-6.2162E-17,-1.5035E-15,-4.2187E-15,-1.5394E-15,0,-1.3192E-17,-5.8269E-17,-1.1735E-16,-4.846E-17,-2.7162E-18,0,0,-1.0825E-18,-1.7633E-18
TSV10,-8.7326E-17,-1.005E-16,-1.6083E-16,-1.8765E-15,-5.8433E-15,0,0,-1.0455E-16,-4.2044E-15,2.2195E-14,-3.1E-17,-3.668E-18,-6.6182E-17,-1.5644E-15,-5.4571E-15,-6.2813E-18,0,-1.8205E-17,-4.8277E-17,-9.1172E-16,-3.856E-17,-3.6896E-17,-6.1571E-17,-1.034E-16,-4.6709E-16
TSV11,-1.1961E-15,-1.7272E-16,-2.192E-18,-6.3812E-17,-3.5604E-17,-5.455E-15,-1.5402E-15,-9.4091E-17,0,-3.1E-17,2.2505E-14,-4.1851E-15,-1.0282E-16,0,-5.4515E-17,-5.4548E-15,-1.5381E-15,-8.7613E-17,0,-2.6717E-17,-1.1941E-15,-1.5721E-16,-1.8181E-18,-6.3949E-17,-3.3533E-17
TSV12,-4.958E-17,-1.0987E-16,-1.022E-16,-1.7302E-17,0,-1.5636E-15,-4.2182E-15,-1.4876E-15,-6.2162E-17,-3.668E-18,-4.1851E-15,2.3447E-14,-4.1242E-15,-1.0294E-16,0,-1.5601E-15,-4.217E-15,-1.4957E-15,-5.9166E-17,-4.9919E-18,-3.4432E-17,-1.0857E-16,-1.0258E-16,-1.561E-17,0
TSV13,-1.0127E-17,-6.3643E-17,-9.9264E-17,-6.4347E-17,-9.5461E-18,-6.7495E-17,-1.5025E-15,-4.162E-15,-1.5035E-15,-6.6182E-17,-1.0282E-16,-4.1242E-15,2.3525E-14,-4.1242E-15,-1.0271E-16,-6.2335E-17,-1.509E-15,-4.149E-15,-1.508E-15,-6.3276E-17,-8.7329E-18,-6.7108E-17,-1.0217E-16,-6.6398E-17,-9.5577E-18
TSV14,0,-1.65E-17,-1.0089E-16,-1.0957E-16,-5.0087E-17,-3.8013E-18,-6.2733E-17,-1.4864E-15,-4.2187E-15,-1.5644E-15,0,-1.0294E-16,-4.1242E-15,2.3447E-14,-4.1835E-15,-4.9814E-18,-5.8547E-17,-1.4969E-15,-4.2153E-15,-1.5583E-15,0,-1.5888E-17,-1.0283E-16,-1.0766E-16,-3.3873E-17
TSV15,-3.5637E-17,-6.2709E-17,-1.9842E-18,-1.7043E-16,-1.1937E-15,-3.1299E-17,0,-9.4205E-17,-1.5394E-15,-5.4571E-15,-5.4515E-17,0,-1.0271E-16,-4.1835E-15,2.2491E-14,-2.7552E-17,0,-8.7106E-17,-1.5367E-15,-5.4478E-15,-3.348E-17,-6.2484E-17,0,-1.5533E-16,-1.1939E-15
TSV16,-4.7656E-16,-1.048E-16,-6.2894E-17,-3.5873E-17,-3.7292E-17,-9.1297E-16,-4.7605E-17,-2.0748E-17,0,-6.2813E-18,-5.4548E-15,-1.5601E-15,-6.2335E-17,-4.9814E-18,-2.7552E-17,2.2199E-14,-4.2063E-15,-1.0617E-16,0,0,-5.8331E-15,-1.879E-15,-1.6447E-16,-1.0478E-16,-8.6807E-17
TSV17,-5.5586E-18,0,0,0,-3.4781E-18,-4.9713E-17,-1.1732E-16,-5.7237E-17,-1.3192E-17,0,-1.5381E-15,-4.217E-15,-1.509E-15,-5.8547E-17,0,-4.2063E-15,2.3277E-14,-4.1878E-15,-1.251E-16,0,-1.6431E-15,-4.2033E-15,-1.5467E-15,-5.8086E-17,-6.7919E-18
TSV18,0,-4.9019E-18,0,-5.4344E-18,0,-1.7957E-17,-5.9376E-17,-9.4664E-17,-5.8269E-17,-1.8205E-17,-8.7613E-17,-1.4957E-15,-4.149E-15,-1.4969E-15,-8.7106E-17,-1.0617E-16,-4.1878E-15,2.3429E-14,-4.1876E-15,-1.0558E-16,-3.8106E-17,-1.5557E-15,-4.1738E-15,-1.5542E-15,-3.7838E-17
TSV19,-5.8154E-18,0,0,-1.3443E-19,-5.6497E-18,0,-1.3051E-17,-5.8384E-17,-1.1735E-16,-4.8277E-17,0,-5.9166E-17,-1.508E-15,-4.2153E-15,-1.5367E-15,0,-1.251E-16,-4.1876E-15,2.3262E-14,-4.199E-15,-7.3243E-18,-5.8566E-17,-1.5485E-15,-4.2016E-15,-1.6476E-15
TSV20,-3.8519E-17,-3.6754E-17,-6.3736E-17,-1.0526E-16,-4.7606E-16,-6.3067E-18,0,-1.9775E-17,-4.846E-17,-9.1172E-16,-2.6717E-17,-4.9919E-18,-6.3276E-17,-1.5583E-15,-5.4478E-15,0,0,-1.0558E-16,-4.199E-15,2.2172E-14,-8.5249E-17,-1.0026E-16,-1.5693E-16,-1.8704E-15,-5.8233E-15
TSV21,-5.0855E-16,-9.0257E-17,-3.517E-17,-3.7524E-17,-7.246E-17,-4.671E-16,-2.2228E-18,0,-2.7162E-18,-3.856E-17,-1.1941E-15,-3.4432E-17,-8.7329E-18,0,-3.348E-17,-5.8331E-15,-1.6431E-15,-3.8106E-17,-7.3243E-18,-8.5249E-17,2.048E-14,-5.8565E-15,-1.1988E-15,-4.7512E-16,-5.0015E-16
TSV22,-8.9549E-17,0,-2.9459E-17,-7.393E-18,-3.891E-17,-1.0324E-16,0,-4.5168E-18,0,-3.6896E-17,-1.5721E-16,-1.0857E-16,-6.7108E-17,-1.5888E-17,-6.2484E-17,-1.879E-15,-4.2033E-15,-1.5557E-15,-5.8566E-17,-1.0026E-16,-5.8565E-15,2.2188E-14,-5.44E-15,-9.2564E-16,-4.665E-16
TSV23,-3.4743E-17,-2.9805E-17,-5.7789E-17,-2.9795E-17,-3.387E-17,-6.0831E-17,0,0,0,-6.1571E-17,-1.8181E-18,-1.0258E-16,-1.0217E-16,-1.0283E-16,0,-1.6447E-16,-1.5467E-15,-4.1738E-15,-1.5485E-15,-1.5693E-16,-1.1988E-15,-5.44E-15,2.2449E-14,-5.435E-15,-1.1856E-15
TSV24,-3.8756E-17,-7.4755E-18,-2.8676E-17,0,-8.7395E-17,-3.6298E-17,0,-4.5373E-18,-1.0825E-18,-1.034E-16,-6.3949E-17,-1.561E-17,-6.6398E-17,-1.0766E-16,-1.5533E-16,-1.0478E-16,-5.8086E-17,-1.5542E-15,-4.2016E-15,-1.8704E-15,-4.7512E-16,-9.2564E-16,-5.435E-15,2.2162E-14,-5.8376E-15
TSV25,-7.2707E-17,-3.7862E-17,-3.4112E-17,-8.8514E-17,-5.0557E-16,-3.7725E-17,-3.2827E-19,0,-1.7633E-18,-4.6709E-16,-3.3533E-17,0,-9.5577E-18,-3.3873E-17,-1.1939E-15,-8.6807E-17,-6.7919E-18,-3.7838E-17,-1.6476E-15,-5.8233E-15,-5.0015E-16,-4.665E-16,-1.1856E-15,-5.8376E-15,2.0503E-14

Capacitance Matrix Coupling Coefficient
,TSV1,TSV2,TSV3,TSV4,TSV5,TSV6,TSV7,TSV8,TSV9,TSV10,TSV11,TSV12,TSV13,TSV14,TSV15,TSV16,TSV17,TSV18,TSV19,TSV20,TSV21,TSV22,TSV23,TSV24,TSV25,
TSV1,1,0.27497,0.056039,0.02234,0.024569,0.27434,0.075376,0.0017547,0.00038118,0.0040973,0.055731,0.0022633,0.00046153,0,0.0016611,0.022358,0.00025467,0,0.00026653,0.0018082,0.02484,0.0042022,0.0016209,0.0018198,0.0035493
TSV2,0.27497,1,0.24391,0.04174,0.02187,0.084923,0.18497,0.068274,0.0026146,0.0045306,0.0077322,0.0048187,0.0027867,0.00072369,0.0028083,0.0047239,0,0.00021508,0,0.0016577,0.0042357,0,0.001336,0.00033725,0.0017758
TSV3,0.056039,0.24391,1,0.24375,0.055299,0.0074467,0.067657,0.18196,0.067753,0.0072061,9.7535E-05,0.004455,0.00432,0.0043982,8.8317E-05,0.0028177,0,0,0,0.0028572,0.0016405,0.0013201,0.0025746,0.0012858,0.0015902
TSV4,0.02234,0.04174,0.24375,1,0.27412,0.0047169,0.0025543,0.068199,0.18486,0.084541,0.0028549,0.0007584,0.0028157,0.0048025,0.0076274,0.001616,0,0.00023829,5.9157E-06,0.0047446,0.0017598,0.00033311,0.0013347,0,0.0041489
TSV5,0.024569,0.02187,0.055299,0.27412,1,0.0041507,0.00034657,0.0017254,0.075278,0.27407,0.0016584,0,0.0004349,0.0022857,0.055621,0.0017489,0.0001593,0,0.00025884,0.02234,0.003538,0.0018253,0.0015796,0.0041022,0.024672
TSV6,0.27434,0.084923,0.0074467,0.0047169,0.0041507,1,0.18502,0.0046154,0,0,0.24404,0.068533,0.0029533,0.00016661,0.0014007,0.041125,0.0021869,0.00078735,0,0.00028426,0.021906,0.0046516,0.0027249,0.0016364,0.0017682
TSV7,0.075376,0.18497,0.067657,0.0025543,0.00034657,0.18502,1,0.17926,0.0054051,0,0.067288,0.18054,0.064199,0.002685,0,0.002094,0.0050394,0.0025423,0.00056083,0,0.00010179,0,0,0,1.5025E-05
TSV8,0.0017547,0.068274,0.18196,0.068199,0.0017254,0.0046154,0.17926,1,0.17928,0.0045848,0.0040975,0.063469,0.17727,0.063415,0.0041037,0.00090974,0.0024508,0.0040403,0.0025008,0.00086762,0,0.0001981,0,0.00019911,0
TSV9,0.00038118,0.0026146,0.067753,0.18486,0.075278,0,0.0054051,0.17928,1,0.18496,0,0.0026606,0.064243,0.18057,0.067277,0,0.00056668,0.002495,0.0050428,0.002133,0.0001244,0,0,4.7659E-05,8.0707E-05
TSV10,0.0040973,0.0045306,0.0072061,0.084541,0.27407,0,0,0.0045848,0.18496,1,0.0013871,0.00016079,0.0028963,0.068577,0.24425,0.00028298,0,0.00079832,0.0021247,0.041099,0.0018086,0.0016626,0.0027584,0.0046621,0.021896
TSV11,0.055731,0.0077322,9.7535E-05,0.0028549,0.0016584,0.24404,0.067288,0.0040975,0,0.0013871,1,0.18219,0.0044687,0,0.0024231,0.24404,0.0672,0.0038155,0,0.001196,0.055621,0.0070351,8.0888E-05,0.0028635,0.0015611
TSV12,0.0022633,0.0048187,0.004455,0.0007584,0,0.068533,0.18054,0.063469,0.0026606,0.00016079,0.18219,1,0.1756,0.0043902,0,0.068382,0.18051,0.063816,0.0025334,0.00021894,0.0015713,0.00476,0.0044711,0.0006848,0
TSV13,0.00046153,0.0027867,0.00432,0.0028157,0.0004349,0.0029533,0.064199,0.17727,0.064243,0.0028963,0.0044687,0.1756,1,0.1756,0.0044654,0.0027277,0.064485,0.17672,0.064464,0.0027706,0.00039785,0.0029373,0.0044457,0.0029079,0.00043518
TSV14,0,0.00072369,0.0043982,0.0048025,0.0022857,0.00016661,0.002685,0.063415,0.18057,0.068577,0,0.0043902,0.1756,1,0.18218,0.00021835,0.0025061,0.063866,0.1805,0.068344,0,0.00069656,0.0044822,0.0047229,0.0015449
TSV15,0.0016611,0.0028083,8.8317E-05,0.0076274,0.055621,0.0014007,0,0.0041037,0.067277,0.24425,0.0024231,0,0.0044654,0.18218,1,0.0012331,0,0.0037946,0.067184,0.24396,0.00156,0.0027971,0,0.0069575,0.055599
TSV16,0.022358,0.0047239,0.0028177,0.001616,0.0017489,0.041125,0.002094,0.00090974,0,0.00028298,0.24404,0.068382,0.0027277,0.00021835,0.0012331,1,0.18504,0.0046555,0,0,0.27357,0.084665,0.0073675,0.0047242,0.0040689
TSV17,0.00025467,0,0,0,0.0001593,0.0021869,0.0050394,0.0024508,0.00056668,0,0.0672,0.18051,0.064485,0.0025061,0,0.18504,1,0.17933,0.0053762,0,0.075254,0.18495,0.067664,0.0025574,0.0003109
TSV18,0,0.00021508,0,0.00023829,0,0.00078735,0.0025423,0.0040403,0.002495,0.00079832,0.0038155,0.063816,0.17672,0.063866,0.0037946,0.0046555,0.17933,1,0.17938,0.0046324,0.0017396,0.068231,0.182,0.068207,0.0017264
TSV19,0.00026653,0,0,5.9157E-06,0.00025884,0,0.00056083,0.0025008,0.0050428,0.0021247,0,0.0025334,0.064464,0.1805,0.067184,0,0.0053762,0.17938,1,0.18489,0.00033557,0.0025779,0.067764,0.18505,0.075445
TSV20,0.0018082,0.0016577,0.0028572,0.0047446,0.02234,0.00028426,0,0.00086762,0.002133,0.041099,0.001196,0.00021894,0.0027706,0.068344,0.24396,0,0,0.0046324,0.18489,1,0.0040005,0.0045201,0.0070341,0.084377,0.27312
TSV21,0.02484,0.0042357,0.0016405,0.0017598,0.003538,0.021906,0.00010179,0,0.0001244,0.0018086,0.055621,0.0015713,0.00039785,0,0.00156,0.27357,0.075254,0.0017396,0.00033557,0.0040005,1,0.27473,0.055909,0.022302,0.024407
TSV22,0.0042022,0,0.0013201,0.00033311,0.0018253,0.0046516,0,0.0001981,0,0.0016626,0.0070351,0.00476,0.0029373,0.00069656,0.0027971,0.084665,0.18495,0.068231,0.0025779,0.0045201,0.27473,1,0.24375,0.041743,0.021871
TSV23,0.0016209,0.001336,0.0025746,0.0013347,0.0015796,0.0027249,0,0,0,0.0027584,8.0888E-05,0.0044711,0.0044457,0.0044822,0,0.0073675,0.067664,0.182,0.067764,0.0070341,0.055909,0.24375,1,0.24367,0.055261
TSV24,0.0018198,0.00033725,0.0012858,0,0.0041022,0.0016364,0,0.00019911,4.7659E-05,0.0046621,0.0028635,0.0006848,0.0029079,0.0047229,0.0069575,0.0047242,0.0025574,0.068207,0.18505,0.084377,0.022302,0.041743,0.24367,1,0.27385
TSV25,0.0035493,0.0017758,0.0015902,0.0041489,0.024672,0.0017682,1.5025E-05,0,8.0707E-05,0.021896,0.0015611,0,0.00043518,0.0015449,0.055599,0.0040689,0.0003109,0.0017264,0.075445,0.27312,0.024407,0.021871,0.055261,0.27385,1

Spice Capacitance Matrix
,TSV1,TSV2,TSV3,TSV4,TSV5,TSV6,TSV7,TSV8,TSV9,TSV10,TSV11,TSV12,TSV13,TSV14,TSV15,TSV16,TSV17,TSV18,TSV19,TSV20,TSV21,TSV22,TSV23,TSV24,TSV25,
TSV1,2.2396E-15,5.8572E-15,1.201E-15,4.7617E-16,5.0301E-16,5.8479E-15,1.6454E-15,3.8425E-17,8.3204E-18,8.7326E-17,1.1961E-15,4.958E-17,1.0127E-17,-0,3.5637E-17,4.7656E-16,5.5586E-18,-0,5.8154E-18,3.8519E-17,5.0855E-16,8.9549E-17,3.4743E-17,3.8756E-17,7.2707E-17
TSV2,5.8572E-15,9.4113E-16,5.4408E-15,9.2599E-16,4.6604E-16,1.8841E-15,4.2024E-15,1.5561E-15,5.94E-17,1.005E-16,1.7272E-16,1.0987E-16,6.3643E-17,1.65E-17,6.2709E-17,1.048E-16,-0,4.9019E-18,-0,3.6754E-17,9.0257E-17,-0,2.9805E-17,7.4755E-18,3.7862E-17
TSV3,1.201E-15,5.4408E-15,9.6161E-16,5.4408E-15,1.1856E-15,1.6623E-16,1.5465E-15,4.1727E-15,1.5487E-15,1.6083E-16,2.192E-18,1.022E-16,9.9264E-17,1.0089E-16,1.9842E-18,6.2894E-17,-0,-0,-0,6.3736E-17,3.517E-17,2.9459E-17,5.7789E-17,2.8676E-17,3.4112E-17
TSV4,4.7617E-16,9.2599E-16,5.4408E-15,9.7841E-16,5.8449E-15,1.0472E-16,5.807E-17,1.5554E-15,4.2026E-15,1.8765E-15,6.3812E-17,1.7302E-17,6.4347E-17,1.0957E-16,1.7043E-16,3.5873E-17,-0,5.4344E-18,1.3443E-19,1.0526E-16,3.7524E-17,7.393E-18,2.9795E-17,-0,8.8514E-17
TSV5,5.0301E-16,4.6604E-16,1.1856E-15,5.8449E-15,2.3105E-15,8.8507E-17,7.5678E-18,3.7797E-17,1.6437E-15,5.8433E-15,3.5604E-17,-0,9.5461E-18,5.0087E-17,1.1937E-15,3.7292E-17,3.4781E-18,-0,5.6497E-18,4.7606E-16,7.246E-17,3.891E-17,3.387E-17,8.7395E-17,5.0557E-16
TSV6,5.8479E-15,1.8841E-15,1.6623E-16,1.0472E-16,8.8507E-17,9.8478E-16,4.2064E-15,1.0527E-16,-0,-0,5.455E-15,1.5636E-15,6.7495E-17,3.8013E-18,3.1299E-17,9.1297E-16,4.9713E-17,1.7957E-17,-0,6.3067E-18,4.671E-16,1.0324E-16,6.0831E-17,3.6298E-17,3.7725E-17
TSV7,1.6454E-15,4.2024E-15,1.5465E-15,5.807E-17,7.5678E-18,4.2064E-15,-2.6103E-16,4.1869E-15,1.2584E-16,-0,1.5402E-15,4.2182E-15,1.5025E-15,6.2733E-17,-0,4.7605E-17,1.1732E-16,5.9376E-17,1.3051E-17,-0,2.2228E-18,-0,-0,-0,3.2827E-19
TSV8,3.8425E-17,1.5561E-15,4.1727E-15,1.5554E-15,3.7797E-17,1.0527E-16,4.1869E-15,-9.7523E-17,4.1871E-15,1.0455E-16,9.4091E-17,1.4876E-15,4.162E-15,1.4864E-15,9.4205E-17,2.0748E-17,5.7237E-17,9.4664E-17,5.8384E-17,1.9775E-17,-0,4.5168E-18,-0,4.5373E-18,-0
TSV9,8.3204E-18,5.94E-17,1.5487E-15,4.2026E-15,1.6437E-15,-0,1.2584E-16,4.1871E-15,-2.6625E-16,4.2044E-15,-0,6.2162E-17,1.5035E-15,4.2187E-15,1.5394E-15,-0,1.3192E-17,5.8269E-17,1.1735E-16,4.846E-17,2.7162E-18,-0,-0,1.0825E-18,1.7633E-18
TSV10,8.7326E-17,1.005E-16,1.6083E-16,1.8765E-15,5.8433E-15,-0,-0,1.0455E-16,4.2044E-15,1.0029E-15,3.1E-17,3.668E-18,6.6182E-17,1.5644E-15,5.4571E-15,6.2813E-18,-0,1.8205E-17,4.8277E-17,9.1172E-16,3.856E-17,3.6896E-17,6.1571E-17,1.034E-16,4.6709E-16
TSV11,1.1961E-15,1.7272E-16,2.192E-18,6.3812E-17,3.5604E-17,5.455E-15,1.5402E-15,9.4091E-17,-0,3.1E-17,1.014E-15,4.1851E-15,1.0282E-16,-0,5.4515E-17,5.4548E-15,1.5381E-15,8.7613E-17,-0,2.6717E-17,1.1941E-15,1.5721E-16,1.8181E-18,6.3949E-17,3.3533E-17
TSV12,4.958E-17,1.0987E-16,1.022E-16,1.7302E-17,-0,1.5636E-15,4.2182E-15,1.4876E-15,6.2162E-17,3.668E-18,4.1851E-15,-1.7804E-16,4.1242E-15,1.0294E-16,-0,1.5601E-15,4.217E-15,1.4957E-15,5.9166E-17,4.9919E-18,3.4432E-17,1.0857E-16,1.0258E-16,1.561E-17,-0
TSV13,1.0127E-17,6.3643E-17,9.9264E-17,6.4347E-17,9.5461E-18,6.7495E-17,1.5025E-15,4.162E-15,1.5035E-15,6.6182E-17,1.0282E-16,4.1242E-15,-2.2653E-17,4.1242E-15,1.0271E-16,6.2335E-17,1.509E-15,4.149E-15,1.508E-15,6.3276E-17,8.7329E-18,6.7108E-17,1.0217E-16,6.6398E-17,9.5577E-18
TSV14,-0,1.65E-17,1.0089E-16,1.0957E-16,5.0087E-17,3.8013E-18,6.2733E-17,1.4864E-15,4.2187E-15,1.5644E-15,-0,1.0294E-16,4.1242E-15,-1.7115E-16,4.1835E-15,4.9814E-18,5.8547E-17,1.4969E-15,4.2153E-15,1.5583E-15,-0,1.5888E-17,1.0283E-16,1.0766E-16,3.3873E-17
TSV15,3.5637E-17,6.2709E-17,1.9842E-18,1.7043E-16,1.1937E-15,3.1299E-17,-0,9.4205E-17,1.5394E-15,5.4571E-15,5.4515E-17,-0,1.0271E-16,4.1835E-15,1.019E-15,2.7552E-17,-0,8.7106E-17,1.5367E-15,5.4478E-15,3.348E-17,6.2484E-17,-0,1.5533E-16,1.1939E-15
TSV16,4.7656E-16,1.048E-16,6.2894E-17,3.5873E-17,3.7292E-17,9.1297E-16,4.7605E-17,2.0748E-17,-0,6.2813E-18,5.4548E-15,1.5601E-15,6.2335E-17,4.9814E-18,2.7552E-17,1.0036E-15,4.2063E-15,1.0617E-16,-0,-0,5.8331E-15,1.879E-15,1.6447E-16,1.0478E-16,8.6807E-17
TSV17,5.5586E-18,-0,-0,-0,3.4781E-18,4.9713E-17,1.1732E-16,5.7237E-17,1.3192E-17,-0,1.5381E-15,4.217E-15,1.509E-15,5.8547E-17,-0,4.2063E-15,-2.6923E-16,4.1878E-15,1.251E-16,-0,1.6431E-15,4.2033E-15,1.5467E-15,5.8086E-17,6.7919E-18
TSV18,-0,4.9019E-18,-0,5.4344E-18,-0,1.7957E-17,5.9376E-17,9.4664E-17,5.8269E-17,1.8205E-17,8.7613E-17,1.4957E-15,4.149E-15,1.4969E-15,8.7106E-17,1.0617E-16,4.1878E-15,-9.2686E-17,4.1876E-15,1.0558E-16,3.8106E-17,1.5557E-15,4.1738E-15,1.5542E-15,3.7838E-17
TSV19,5.8154E-18,-0,-0,1.3443E-19,5.6497E-18,-0,1.3051E-17,5.8384E-17,1.1735E-16,4.8277E-17,-0,5.9166E-17,1.508E-15,4.2153E-15,1.5367E-15,-0,1.251E-16,4.1876E-15,-2.8155E-16,4.199E-15,7.3243E-18,5.8566E-17,1.5485E-15,4.2016E-15,1.6476E-15
TSV20,3.8519E-17,3.6754E-17,6.3736E-17,1.0526E-16,4.7606E-16,6.3067E-18,-0,1.9775E-17,4.846E-17,9.1172E-16,2.6717E-17,4.9919E-18,6.3276E-17,1.5583E-15,5.4478E-15,-0,-0,1.0558E-16,4.199E-15,1.0237E-15,8.5249E-17,1.0026E-16,1.5693E-16,1.8704E-15,5.8233E-15
TSV21,5.0855E-16,9.0257E-17,3.517E-17,3.7524E-17,7.246E-17,4.671E-16,2.2228E-18,-0,2.7162E-18,3.856E-17,1.1941E-15,3.4432E-17,8.7329E-18,-0,3.348E-17,5.8331E-15,1.6431E-15,3.8106E-17,7.3243E-18,8.5249E-17,2.3175E-15,5.8565E-15,1.1988E-15,4.7512E-16,5.0015E-16
TSV22,8.9549E-17,-0,2.9459E-17,7.393E-18,3.891E-17,1.0324E-16,-0,4.5168E-18,-0,3.6896E-17,1.5721E-16,1.0857E-16,6.7108E-17,1.5888E-17,6.2484E-17,1.879E-15,4.2033E-15,1.5557E-15,5.8566E-17,1.0026E-16,5.8565E-15,9.8148E-16,5.44E-15,9.2564E-16,4.665E-16
TSV23,3.4743E-17,2.9805E-17,5.7789E-17,2.9795E-17,3.387E-17,6.0831E-17,-0,-0,-0,6.1571E-17,1.8181E-18,1.0258E-16,1.0217E-16,1.0283E-16,-0,1.6447E-16,1.5467E-15,4.1738E-15,1.5485E-15,1.5693E-16,1.1988E-15,5.44E-15,9.8088E-16,5.435E-15,1.1856E-15
TSV24,3.8756E-17,7.4755E-18,2.8676E-17,-0,8.7395E-17,3.6298E-17,-0,4.5373E-18,1.0825E-18,1.034E-16,6.3949E-17,1.561E-17,6.6398E-17,1.0766E-16,1.5533E-16,1.0478E-16,5.8086E-17,1.5542E-15,4.2016E-15,1.8704E-15,4.7512E-16,9.2564E-16,5.435E-15,9.827E-16,5.8376E-15
TSV25,7.2707E-17,3.7862E-17,3.4112E-17,8.8514E-17,5.0557E-16,3.7725E-17,3.2827E-19,-0,1.7633E-18,4.6709E-16,3.3533E-17,-0,9.5577E-18,3.3873E-17,1.1939E-15,8.6807E-17,6.7919E-18,3.7838E-17,1.6476E-15,5.8233E-15,5.0015E-16,4.665E-16,1.1856E-15,5.8376E-15,2.3946E-15

Conductance Matrix
,TSV1,TSV2,TSV3,TSV4,TSV5,TSV6,TSV7,TSV8,TSV9,TSV10,TSV11,TSV12,TSV13,TSV14,TSV15,TSV16,TSV17,TSV18,TSV19,TSV20,TSV21,TSV22,TSV23,TSV24,TSV25,
TSV1,0.25203,0.0073318,-0.026942,-0.014838,-0.014155,0.0075114,-0.025112,-0.0084743,-0.002173,-0.0055982,-0.026129,-0.0082955,-0.00097682,-0.00015846,-0.002709,-0.014836,-0.0019488,-0.00016859,-0.00042778,-0.0026248,-0.014254,-0.0056559,-0.0027305,-0.0025924,-0.0037123
TSV2,0.0073318,0.20588,0.0082423,-0.020242,-0.014785,-0.029571,-0.001605,-0.02114,-0.0077066,-0.0063849,-0.012969,-0.0091733,-0.0055273,-0.0015445,-0.0037008,-0.0064312,-0.0013665,-0.00071512,-0.00032091,-0.0027002,-0.0056141,-0.00090046,-0.00097528,-0.0010477,-0.002544
TSV3,-0.026942,0.0082423,0.20335,0.0083636,-0.026832,-0.012867,-0.021389,-0.0012948,-0.021224,-0.012849,-0.0041157,-0.0064587,-0.0083234,-0.0064601,-0.004122,-0.0037267,-0.00087347,-0.00082031,-0.00090785,-0.003743,-0.0027355,-0.00097377,-0.0021907,-0.00089998,-0.0026438
TSV4,-0.014838,-0.020242,0.0083636,0.20598,0.0075222,-0.0064257,-0.0077479,-0.021267,-0.0014853,-0.029451,-0.0037057,-0.001563,-0.0055145,-0.009156,-0.01291,-0.0026765,-0.00030573,-0.00069173,-0.0013616,-0.0064366,-0.0025692,-0.0010521,-0.00091442,-0.0007825,-0.0054995
TSV5,-0.014155,-0.014785,-0.026832,0.0075222,0.25215,-0.0055859,-0.002169,-0.0084273,-0.025032,0.0073958,-0.0026936,-0.00014851,-0.0009192,-0.0082921,-0.026081,-0.0025927,-0.00040465,-0.00014289,-0.0019149,-0.014784,-0.0037083,-0.0025745,-0.0026562,-0.0055125,-0.014104
TSV6,0.0075114,-0.029571,-0.012867,-0.0064257,-0.0055859,0.20426,-0.0024058,-0.0093772,-0.001334,-0.00078869,0.0073383,-0.021997,-0.0058237,-0.00067585,-0.00086401,-0.021059,-0.0076295,-0.0016005,-0.00032221,-0.00099892,-0.014791,-0.006458,-0.0037129,-0.0026853,-0.0025682
TSV7,-0.025112,-0.001605,-0.021389,-0.0077479,-0.002169,-0.0024058,0.16676,-0.0012861,-0.0085664,-0.0013189,-0.021568,-0.0018514,-0.01962,-0.005043,-0.00091241,-0.0075861,-0.0088535,-0.0052774,-0.00081288,-0.00030602,-0.0019179,-0.0013867,-0.00092204,-0.00030506,-0.0003705
TSV8,-0.0084743,-0.02114,-0.0012948,-0.021267,-0.0084273,-0.0093772,-0.0012861,0.16518,-0.0012431,-0.0093608,-0.0063953,-0.019953,-0.0023171,-0.019867,-0.0064556,-0.0015841,-0.0051899,-0.0083115,-0.005267,-0.00161,-0.00015173,-0.00071621,-0.00087335,-0.00071888,-0.00013913
TSV9,-0.002173,-0.0077066,-0.021224,-0.0014853,-0.025032,-0.001334,-0.0085664,-0.0012431,0.16677,-0.0024929,-0.00090892,-0.0050063,-0.019651,-0.0019127,-0.021553,-0.00031034,-0.00080347,-0.0052032,-0.0088546,-0.0076522,-0.0003978,-0.00032611,-0.00090895,-0.0013889,-0.0019318
TSV10,-0.0055982,-0.0063849,-0.012849,-0.029451,0.0073958,-0.00078869,-0.0013189,-0.0093608,-0.0024929,0.20407,-0.00085677,-0.00066247,-0.005726,-0.022057,0.0073157,-0.00099858,-0.00032134,-0.0015638,-0.007548,-0.021037,-0.002595,-0.0027165,-0.0037104,-0.0064122,-0.014743
TSV11,-0.026129,-0.012969,-0.0041157,-0.0037057,-0.0026936,0.0073383,-0.021568,-0.0063953,-0.00090892,-0.00085677,0.20499,-0.00092419,-0.0083846,-0.00093684,-0.0020204,0.0074879,-0.021408,-0.0063341,-0.00084032,-0.00079692,-0.026178,-0.012734,-0.0041339,-0.0037195,-0.0026512
TSV12,-0.0082955,-0.0091733,-0.0064587,-0.001563,-0.00014851,-0.021997,-0.0018514,-0.019953,-0.0050063,-0.00066247,-0.00092419,0.167,-0.00062511,-0.0077302,-0.00093437,-0.021712,-0.0016073,-0.019872,-0.0051358,-0.00080396,-0.0079966,-0.0089414,-0.0063873,-0.0015725,-0.00021221
TSV13,-0.00097682,-0.0055273,-0.0083234,-0.0055145,-0.0009192,-0.0058237,-0.01962,-0.0023171,-0.019651,-0.005726,-0.0083846,-0.00062511,0.16553,-0.00062292,-0.0083765,-0.0057079,-0.01959,-0.0020269,-0.019559,-0.0057878,-0.00089722,-0.0055237,-0.0082096,-0.0055358,-0.00092823
TSV14,-0.00015846,-0.0015445,-0.0064601,-0.009156,-0.0082921,-0.00067585,-0.005043,-0.019867,-0.0019127,-0.022057,-0.00093684,-0.0077302,-0.00062292,0.16701,-0.00092498,-0.00079838,-0.0050932,-0.019951,-0.0015257,-0.021626,-0.00021401,-0.0015794,-0.006368,-0.0089336,-0.0079149
TSV15,-0.002709,-0.0037008,-0.004122,-0.01291,-0.026081,-0.00086401,-0.00091241,-0.0064556,-0.021553,0.0073157,-0.0020204,-0.00093437,-0.0083765,-0.00092498,0.20479,-0.00080239,-0.00082639,-0.0062475,-0.021416,0.0075197,-0.0026672,-0.0037052,-0.0040559,-0.012706,-0.026042
TSV16,-0.014836,-0.0064312,-0.0037267,-0.0026765,-0.0025927,-0.021059,-0.0075861,-0.0015841,-0.00031034,-0.00099858,0.0074879,-0.021712,-0.0057079,-0.00079838,-0.00080239,0.20407,-0.0025681,-0.0094393,-0.0013545,-0.00066397,0.0074253,-0.029522,-0.012883,-0.0064016,-0.0054597
TSV17,-0.0019488,-0.0013665,-0.00087347,-0.00030573,-0.00040465,-0.0076295,-0.0088535,-0.0051899,-0.00080347,-0.00032134,-0.021408,-0.0016073,-0.01959,-0.0050932,-0.00082639,-0.0025681,0.16662,-0.0013449,-0.0086105,-0.0013338,-0.025052,-0.0015841,-0.021313,-0.0077437,-0.0021567
TSV18,-0.00016859,-0.00071512,-0.00082031,-0.00069173,-0.00014289,-0.0016005,-0.0052774,-0.0083115,-0.0052032,-0.0015638,-0.0063341,-0.019872,-0.0020269,-0.019951,-0.0062475,-0.0094393,-0.0013449,0.16506,-0.0013928,-0.009382,-0.0084585,-0.021292,-0.0013451,-0.021152,-0.0083589
TSV19,-0.00042778,-0.00032091,-0.00090785,-0.0013616,-0.0019149,-0.00032221,-0.00081288,-0.005267,-0.0088546,-0.007548,-0.00084032,-0.0051358,-0.019559,-0.0015257,-0.021416,-0.0013545,-0.0086105,-0.0013928,0.16643,-0.0026087,-0.0021662,-0.0077232,-0.021369,-0.0017262,-0.024919
TSV20,-0.0026248,-0.0027002,-0.003743,-0.0064366,-0.014784,-0.00099892,-0.00030602,-0.00161,-0.0076522,-0.021037,-0.00079692,-0.00080396,-0.0057878,-0.021626,0.0075197,-0.00066397,-0.0013338,-0.009382,-0.0026087,0.20362,-0.0054613,-0.006356,-0.012734,-0.02956,0.0077981
TSV21,-0.014254,-0.0056141,-0.0027355,-0.0025692,-0.0037083,-0.014791,-0.0019179,-0.00015173,-0.0003978,-0.002595,-0.026178,-0.0079966,-0.00089722,-0.00021401,-0.0026672,0.0074253,-0.025052,-0.0084585,-0.0021662,-0.0054613,0.25215,0.0074217,-0.026852,-0.01474,-0.013998
TSV22,-0.0056559,-0.00090046,-0.00097377,-0.0010521,-0.0025745,-0.006458,-0.0013867,-0.00071621,-0.00032611,-0.0027165,-0.012734,-0.0089414,-0.0055237,-0.0015794,-0.0037052,-0.029522,-0.0015841,-0.021292,-0.0077232,-0.006356,0.0074217,0.20583,0.0082214,-0.020173,-0.014747
TSV23,-0.0027305,-0.00097528,-0.0021907,-0.00091442,-0.0026562,-0.0037129,-0.00092204,-0.00087335,-0.00090895,-0.0037104,-0.0041339,-0.0063873,-0.0082096,-0.006368,-0.0040559,-0.012883,-0.021313,-0.0013451,-0.021369,-0.012734,-0.026852,0.0082214,0.20311,0.0084128,-0.026694
TSV24,-0.0025924,-0.0010477,-0.00089998,-0.0007825,-0.0055125,-0.0026853,-0.00030506,-0.00071888,-0.0013889,-0.0064122,-0.0037195,-0.0015725,-0.0055358,-0.0089336,-0.012706,-0.0064016,-0.0077437,-0.021152,-0.0017262,-0.02956,-0.01474,-0.020173,0.0084128,0.20562,0.0076863
TSV25,-0.0037123,-0.002544,-0.0026438,-0.0054995,-0.014104,-0.0025682,-0.0003705,-0.00013913,-0.0019318,-0.014743,-0.0026512,-0.00021221,-0.00092823,-0.0079149,-0.026042,-0.0054597,-0.0021567,-0.0083589,-0.024919,0.0077981,-0.013998,-0.014747,-0.026694,0.0076863,0.25346

Conductance Matrix Coupling Coefficient
,TSV1,TSV2,TSV3,TSV4,TSV5,TSV6,TSV7,TSV8,TSV9,TSV10,TSV11,TSV12,TSV13,TSV14,TSV15,TSV16,TSV17,TSV18,TSV19,TSV20,TSV21,TSV22,TSV23,TSV24,TSV25,
TSV1,1,0.032187,0.11901,0.065123,0.056149,0.033106,0.1225,0.041533,0.010599,0.024685,0.11496,0.040435,0.0047824,0.00077237,0.011924,0.065417,0.0095098,0.00082659,0.0020887,0.011586,0.056541,0.024833,0.012069,0.011388,0.014688
TSV2,0.032187,1,0.040282,0.098296,0.064889,0.1442,0.0086624,0.11463,0.04159,0.03115,0.063132,0.049471,0.029941,0.0083294,0.018023,0.031376,0.007378,0.0038792,0.0017336,0.013188,0.02464,0.0043743,0.0047693,0.0050921,0.011136
TSV3,0.11901,0.040282,1,0.040866,0.11849,0.063136,0.11615,0.0070647,0.11525,0.063074,0.020158,0.035048,0.045367,0.035054,0.020199,0.018294,0.0047453,0.0044774,0.0049348,0.018394,0.01208,0.0047597,0.010779,0.0044012,0.011645
TSV4,0.065123,0.098296,0.040866,1,0.033007,0.031327,0.041806,0.1153,0.0080136,0.14365,0.018034,0.0084275,0.029864,0.049365,0.062859,0.013055,0.0016503,0.0037515,0.0073538,0.031429,0.011274,0.0051099,0.0044707,0.0038023,0.024069
TSV5,0.056149,0.064889,0.11849,0.033007,1,0.024613,0.010577,0.041293,0.12207,0.032604,0.011848,0.00072372,0.0044992,0.040407,0.11477,0.011429,0.0019742,0.00070038,0.0093477,0.065244,0.014707,0.011301,0.011737,0.024209,0.055789
TSV6,0.033106,0.1442,0.063136,0.031327,0.024613,1,0.013035,0.05105,0.0072275,0.003863,0.035863,0.1191,0.031671,0.0036591,0.0042244,0.10315,0.041357,0.0087165,0.0017475,0.004898,0.065172,0.031496,0.018229,0.013103,0.011287
TSV7,0.1225,0.0086624,0.11615,0.041806,0.010577,0.013035,1,0.0077492,0.051368,0.0071495,0.11666,0.011094,0.11809,0.030218,0.0049373,0.041123,0.053114,0.031809,0.0048794,0.0016607,0.0093528,0.0074852,0.0050101,0.0016474,0.0018021
TSV8,0.041533,0.11463,0.0070647,0.1153,0.041293,0.05105,0.0077492,1,0.0074897,0.050985,0.034755,0.12014,0.014013,0.11961,0.035099,0.008628,0.031284,0.050335,0.031766,0.0087787,0.00074347,0.0038843,0.0047681,0.0039007,0.00067994
TSV9,0.010599,0.04159,0.11525,0.0080136,0.12207,0.0072275,0.051368,0.0074897,1,0.013513,0.0049159,0.029998,0.11827,0.01146,0.11662,0.0016822,0.00482,0.031361,0.053148,0.041525,0.0019398,0.0017601,0.0049387,0.0075004,0.0093961
TSV10,0.024685,0.03115,0.063074,0.14365,0.032604,0.003863,0.0071495,0.050985,0.013513,1,0.0041891,0.0035885,0.031155,0.11948,0.035786,0.0048933,0.0017427,0.0085207,0.040957,0.1032,0.01144,0.013255,0.018225,0.031303,0.064827
TSV11,0.11496,0.063132,0.020158,0.018034,0.011848,0.035863,0.11666,0.034755,0.0049159,0.0041891,1,0.004995,0.045518,0.0050633,0.0098607,0.036611,0.11584,0.034435,0.0045495,0.0039006,0.11515,0.061992,0.02026,0.018117,0.011631
TSV12,0.040435,0.049471,0.035048,0.0084275,0.00072372,0.1191,0.011094,0.12014,0.029998,0.0035885,0.004995,1,0.0037597,0.046286,0.0050524,0.11761,0.0096356,0.11969,0.030805,0.0043597,0.038968,0.048227,0.034681,0.0084857,0.0010314
TSV13,0.0047824,0.029941,0.045367,0.029864,0.0044992,0.031671,0.11809,0.014013,0.11827,0.031155,0.045518,0.0037597,1,0.0037464,0.045495,0.031056,0.11796,0.012262,0.11784,0.031525,0.0043916,0.029926,0.044773,0.030006,0.0045317
TSV14,0.00077237,0.0083294,0.035054,0.049365,0.040407,0.0036591,0.030218,0.11961,0.01146,0.11948,0.0050633,0.046286,0.0037464,1,0.0050015,0.0043245,0.030532,0.12016,0.0091512,0.11727,0.0010429,0.0085186,0.034575,0.048208,0.038469
TSV15,0.011924,0.018023,0.020199,0.062859,0.11477,0.0042244,0.0049373,0.035099,0.11662,0.035786,0.0098607,0.0050524,0.045495,0.0050015,1,0.003925,0.0044737,0.03398,0.116,0.036824,0.011737,0.018047,0.019887,0.06192,0.1143
TSV16,0.065417,0.031376,0.018294,0.013055,0.011429,0.10315,0.041123,0.008628,0.0016822,0.0048933,0.036611,0.11761,0.031056,0.0043245,0.003925,1,0.013927,0.051431,0.0073498,0.0032572,0.032733,0.14405,0.063278,0.031251,0.024006
TSV17,0.0095098,0.007378,0.0047453,0.0016503,0.0019742,0.041357,0.053114,0.031284,0.00482,0.0017427,0.11584,0.0096356,0.11796,0.030532,0.0044737,0.013927,1,0.0081097,0.051707,0.0072412,0.12222,0.0085541,0.11586,0.041836,0.010495
TSV18,0.00082659,0.0038792,0.0044774,0.0037515,0.00070038,0.0087165,0.031809,0.050335,0.031361,0.0085207,0.034435,0.11969,0.012262,0.12016,0.03398,0.051431,0.0081097,1,0.008403,0.051175,0.041461,0.11551,0.0073462,0.11481,0.040867
TSV19,0.0020887,0.0017336,0.0049348,0.0073538,0.0093477,0.0017475,0.0048794,0.031766,0.053148,0.040957,0.0045495,0.030805,0.11784,0.0091512,0.116,0.0073498,0.051707,0.008403,1,0.014171,0.010574,0.041728,0.11622,0.0093315,0.12133
TSV20,0.011586,0.013188,0.018394,0.031429,0.065244,0.004898,0.0016607,0.0087787,0.041525,0.1032,0.0039006,0.0043597,0.031525,0.11727,0.036824,0.0032572,0.0072412,0.051175,0.014171,1,0.024101,0.031047,0.062619,0.14446,0.034326
TSV21,0.056541,0.02464,0.01208,0.011274,0.014707,0.065172,0.0093528,0.00074347,0.0019398,0.01144,0.11515,0.038968,0.0043916,0.0010429,0.011737,0.032733,0.12222,0.041461,0.010574,0.024101,1,0.032578,0.11865,0.064732,0.05537
TSV22,0.024833,0.0043743,0.0047597,0.0051099,0.011301,0.031496,0.0074852,0.0038843,0.0017601,0.013255,0.061992,0.048227,0.029926,0.0085186,0.018047,0.14405,0.0085541,0.11551,0.041728,0.031047,0.032578,1,0.04021,0.098058,0.064565
TSV23,0.012069,0.0047693,0.010779,0.0044707,0.011737,0.018229,0.0050101,0.0047681,0.0049387,0.018225,0.02026,0.034681,0.044773,0.034575,0.019887,0.063278,0.11586,0.0073462,0.11622,0.062619,0.11865,0.04021,1,0.041167,0.11765
TSV24,0.011388,0.0050921,0.0044012,0.0038023,0.024209,0.013103,0.0016474,0.0039007,0.0075004,0.031303,0.018117,0.0084857,0.030006,0.048208,0.06192,0.031251,0.041836,0.11481,0.0093315,0.14446,0.064732,0.098058,0.041167,1,0.033669
TSV25,0.014688,0.011136,0.011645,0.024069,0.055789,0.011287,0.0018021,0.00067994,0.0093961,0.064827,0.011631,0.0010314,0.0045317,0.038469,0.1143,0.024006,0.010495,0.040867,0.12133,0.034326,0.05537,0.064565,0.11765,0.033669,1

Spice Conductance Matrix
,TSV1,TSV2,TSV3,TSV4,TSV5,TSV6,TSV7,TSV8,TSV9,TSV10,TSV11,TSV12,TSV13,TSV14,TSV15,TSV16,TSV17,TSV18,TSV19,TSV20,TSV21,TSV22,TSV23,TSV24,TSV25,
TSV1,0.082362,-0.0073318,0.026942,0.014838,0.014155,-0.0075114,0.025112,0.0084743,0.002173,0.0055982,0.026129,0.0082955,0.00097682,0.00015846,0.002709,0.014836,0.0019488,0.00016859,0.00042778,0.0026248,0.014254,0.0056559,0.0027305,0.0025924,0.0037123
TSV2,-0.0073318,0.064492,-0.0082423,0.020242,0.014785,0.029571,0.001605,0.02114,0.0077066,0.0063849,0.012969,0.0091733,0.0055273,0.0015445,0.0037008,0.0064312,0.0013665,0.00071512,0.00032091,0.0027002,0.0056141,0.00090046,0.00097528,0.0010477,0.002544
TSV3,0.026942,-0.0082423,0.047565,-0.0083636,0.026832,0.012867,0.021389,0.0012948,0.021224,0.012849,0.0041157,0.0064587,0.0083234,0.0064601,0.004122,0.0037267,0.00087347,0.00082031,0.00090785,0.003743,0.0027355,0.00097377,0.0021907,0.00089998,0.0026438
TSV4,0.014838,0.020242,-0.0083636,0.065266,-0.0075222,0.0064257,0.0077479,0.021267,0.0014853,0.029451,0.0037057,0.001563,0.0055145,0.009156,0.01291,0.0026765,0.00030573,0.00069173,0.0013616,0.0064366,0.0025692,0.0010521,0.00091442,0.0007825,0.0054995
TSV5,0.014155,0.014785,0.026832,-0.0075222,0.083558,0.0055859,0.002169,0.0084273,0.025032,-0.0073958,0.0026936,0.00014851,0.0009192,0.0082921,0.026081,0.0025927,0.00040465,0.00014289,0.0019149,0.014784,0.0037083,0.0025745,0.0026562,0.0055125,0.014104
TSV6,-0.0075114,0.029571,0.012867,0.0064257,0.0055859,0.059568,0.0024058,0.0093772,0.001334,0.00078869,-0.0073383,0.021997,0.0058237,0.00067585,0.00086401,0.021059,0.0076295,0.0016005,0.00032221,0.00099892,0.014791,0.006458,0.0037129,0.0026853,0.0025682
TSV7,0.025112,0.001605,0.021389,0.0077479,0.002169,0.0024058,0.018423,0.0012861,0.0085664,0.0013189,0.021568,0.0018514,0.01962,0.005043,0.00091241,0.0075861,0.0088535,0.0052774,0.00081288,0.00030602,0.0019179,0.0013867,0.00092204,0.00030506,0.0003705
TSV8,0.0084743,0.02114,0.0012948,0.021267,0.0084273,0.0093772,0.0012861,0.0037625,0.0012431,0.0093608,0.0063953,0.019953,0.0023171,0.019867,0.0064556,0.0015841,0.0051899,0.0083115,0.005267,0.00161,0.00015173,0.00071621,0.00087335,0.00071888,0.00013913
TSV9,0.002173,0.0077066,0.021224,0.0014853,0.025032,0.001334,0.0085664,0.0012431,0.018708,0.0024929,0.00090892,0.0050063,0.019651,0.0019127,0.021553,0.00031034,0.00080347,0.0052032,0.0088546,0.0076522,0.0003978,0.00032611,0.00090895,0.0013889,0.0019318
TSV10,0.0055982,0.0063849,0.012849,0.029451,-0.0073958,0.00078869,0.0013189,0.0093608,0.0024929,0.059587,0.00085677,0.00066247,0.005726,0.022057,-0.0073157,0.00099858,0.00032134,0.0015638,0.007548,0.021037,0.002595,0.0027165,0.0037104,0.0064122,0.014743
TSV11,0.026129,0.012969,0.0041157,0.0037057,0.0026936,-0.0073383,0.021568,0.0063953,0.00090892,0.00085677,0.049407,0.00092419,0.0083846,0.00093684,0.0020204,-0.0074879,0.021408,0.0063341,0.00084032,0.00079692,0.026178,0.012734,0.0041339,0.0037195,0.0026512
TSV12,0.0082955,0.0091733,0.0064587,0.001563,0.00014851,0.021997,0.0018514,0.019953,0.0050063,0.00066247,0.00092419,0.0074393,0.00062511,0.0077302,0.00093437,0.021712,0.0016073,0.019872,0.0051358,0.00080396,0.0079966,0.0089414,0.0063873,0.0015725,0.00021221
TSV13,0.00097682,0.0055273,0.0083234,0.0055145,0.0009192,0.0058237,0.01962,0.0023171,0.019651,0.005726,0.0083846,0.00062511,-0.00064239,0.00062292,0.0083765,0.0057079,0.01959,0.0020269,0.019559,0.0057878,0.00089722,0.0055237,0.0082096,0.0055358,0.00092823
TSV14,0.00015846,0.0015445,0.0064601,0.009156,0.0082921,0.00067585,0.005043,0.019867,0.0019127,0.022057,0.00093684,0.0077302,0.00062292,0.0076283,0.00092498,0.00079838,0.0050932,0.019951,0.0015257,0.021626,0.00021401,0.0015794,0.006368,0.0089336,0.0079149
TSV15,0.002709,0.0037008,0.004122,0.01291,0.026081,0.00086401,0.00091241,0.0064556,0.021553,-0.0073157,0.0020204,0.00093437,0.0083765,0.00092498,0.049596,0.00080239,0.00082639,0.0062475,0.021416,-0.0075197,0.0026672,0.0037052,0.0040559,0.012706,0.026042
TSV16,0.014836,0.0064312,0.0037267,0.0026765,0.0025927,0.021059,0.0075861,0.0015841,0.00031034,0.00099858,-0.0074879,0.021712,0.0057079,0.00079838,0.00080239,0.059871,0.0025681,0.0094393,0.0013545,0.00066397,-0.0074253,0.029522,0.012883,0.0064016,0.0054597
TSV17,0.0019488,0.0013665,0.00087347,0.00030573,0.00040465,0.0076295,0.0088535,0.0051899,0.00080347,0.00032134,0.021408,0.0016073,0.01959,0.0050932,0.00082639,0.0025681,0.018688,0.0013449,0.0086105,0.0013338,0.025052,0.0015841,0.021313,0.0077437,0.0021567
TSV18,0.00016859,0.00071512,0.00082031,0.00069173,0.00014289,0.0016005,0.0052774,0.0083115,0.0052032,0.0015638,0.0063341,0.019872,0.0020269,0.019951,0.0062475,0.0094393,0.0013449,0.0039711,0.0013928,0.009382,0.0084585,0.021292,0.0013451,0.021152,0.0083589
TSV19,0.00042778,0.00032091,0.00090785,0.0013616,0.0019149,0.00032221,0.00081288,0.005267,0.0088546,0.007548,0.00084032,0.0051358,0.019559,0.0015257,0.021416,0.0013545,0.0086105,0.0013928,0.018347,0.0026087,0.0021662,0.0077232,0.021369,0.0017262,0.024919
TSV20,0.0026248,0.0027002,0.003743,0.0064366,0.014784,0.00099892,0.00030602,0.00161,0.0076522,0.021037,0.00079692,0.00080396,0.0057878,0.021626,-0.0075197,0.00066397,0.0013338,0.009382,0.0026087,0.059936,0.0054613,0.006356,0.012734,0.02956,-0.0077981
TSV21,0.014254,0.0056141,0.0027355,0.0025692,0.0037083,0.014791,0.0019179,0.00015173,0.0003978,0.002595,0.026178,0.0079966,0.00089722,0.00021401,0.0026672,-0.0074253,0.025052,0.0084585,0.0021662,0.0054613,0.083587,-0.0074217,0.026852,0.01474,0.013998
TSV22,0.0056559,0.00090046,0.00097377,0.0010521,0.0025745,0.006458,0.0013867,0.00071621,0.00032611,0.0027165,0.012734,0.0089414,0.0055237,0.0015794,0.0037052,0.029522,0.0015841,0.021292,0.0077232,0.006356,-0.0074217,0.064828,-0.0082214,0.020173,0.014747
TSV23,0.0027305,0.00097528,0.0021907,0.00091442,0.0026562,0.0037129,0.00092204,0.00087335,0.00090895,0.0037104,0.0041339,0.0063873,0.0082096,0.006368,0.0040559,0.012883,0.021313,0.0013451,0.021369,0.012734,0.026852,-0.0082214,0.047802,-0.0084128,0.026694
TSV24,0.0025924,0.0010477,0.00089998,0.0007825,0.0055125,0.0026853,0.00030506,0.00071888,0.0013889,0.0064122,0.0037195,0.0015725,0.0055358,0.0089336,0.012706,0.0064016,0.0077437,0.021152,0.0017262,0.02956,0.01474,0.020173,-0.0084128,0.065412,-0.0076863
TSV25,0.0037123,0.002544,0.0026438,0.0054995,0.014104,0.0025682,0.0003705,0.00013913,0.0019318,0.014743,0.0026512,0.00021221,0.00092823,0.0079149,0.026042,0.0054597,0.0021567,0.0083589,0.024919,-0.0077981,0.013998,0.014747,0.026694,-0.0076863,0.086607

