Design Variation:  d_min='4.5um' diff_depth='1um' l_tsv='50um' metal_depth='0.3um' r_tsv='1um' ring_distance='5.5um' substrate_length='63um' t_ox='0.2um' t_ring='2um' tie_size='1um' w_dep='0.54594um'
Setup1:LastAdaptive
Problem Type:  C
C Units:farad, G Units:mSie
Reduce Matrix:  Original
Frequency:  6GHz

Capacitance Matrix
,TSV1,TSV2,TSV3,TSV4,TSV5,TSV6,TSV7,TSV8,TSV9,TSV10,TSV11,TSV12,TSV13,TSV14,TSV15,TSV16,TSV17,TSV18,TSV19,TSV20,TSV21,TSV22,TSV23,TSV24,TSV25,
TSV1,2.0844E-14,-5.8572E-15,-1.2694E-15,-4.7624E-16,-4.8573E-16,-5.8615E-15,-1.8258E-15,-6.9184E-17,0,-7.9319E-17,-1.2638E-15,-7.4107E-17,0,0,-3.2564E-17,-4.7663E-16,0,0,0,-3.6623E-17,-4.8609E-16,-7.889E-17,-3.2365E-17,-3.6551E-17,-7.4101E-17
TSV2,-5.8572E-15,2.2591E-14,-5.387E-15,-9.9848E-16,-4.678E-16,-2.091E-15,-4.2443E-15,-1.6775E-15,-8.2084E-17,-8.1079E-17,-2.082E-16,-1.5374E-16,-8.0818E-17,-3.3356E-18,-4.6078E-17,-8.275E-17,0,0,0,-2.974E-17,-8.0138E-17,0,-2.1034E-17,-3.3484E-18,-3.5512E-17
TSV3,-1.2694E-15,-5.387E-15,2.2744E-14,-5.383E-15,-1.2541E-15,-2.0719E-16,-1.6757E-15,-4.2297E-15,-1.6763E-15,-2.0203E-16,0,-1.082E-16,-1.5635E-16,-1.0766E-16,0,-4.7435E-17,0,0,0,-4.7956E-17,-3.3908E-17,-2.0994E-17,-3.9255E-17,-2.0198E-17,-3.1131E-17
TSV4,-4.7624E-16,-9.9848E-16,-5.383E-15,2.2605E-14,-5.8439E-15,-8.4926E-17,-8.0882E-17,-1.679E-15,-4.2468E-15,-2.086E-15,-4.6976E-17,-5.6384E-18,-8.0193E-17,-1.5402E-16,-2.0679E-16,-2.9323E-17,0,0,0,-8.3113E-17,-3.6377E-17,-3.2556E-18,-2.1956E-17,0,-7.7832E-17
TSV5,-4.8573E-16,-4.678E-16,-1.2541E-15,-5.8439E-15,2.0855E-14,-8.1006E-17,0,-6.7208E-17,-1.826E-15,-5.8549E-15,-3.4186E-17,0,0,-7.4222E-17,-1.2612E-15,-3.6543E-17,0,0,0,-4.7578E-16,-7.3965E-17,-3.6065E-17,-3.1524E-17,-7.6484E-17,-4.8309E-16
TSV6,-5.8615E-15,-2.091E-15,-2.0719E-16,-8.4926E-17,-8.1006E-17,2.2568E-14,-4.2454E-15,-1.5455E-16,0,0,-5.3925E-15,-1.6829E-15,-8.6631E-17,0,-2.2448E-17,-1.0019E-15,-8.3012E-17,-1.6014E-18,0,-3.3038E-18,-4.672E-16,-8.0838E-17,-4.5522E-17,-2.9223E-17,-3.5352E-17
TSV7,-1.8258E-15,-4.2443E-15,-1.6757E-15,-8.0882E-17,0,-4.2454E-15,2.3837E-14,-4.1525E-15,-1.6506E-16,0,-1.676E-15,-4.1461E-15,-1.5954E-15,-7.9077E-17,0,-8.1532E-17,-1.6618E-16,-7.7694E-17,-6.9145E-19,0,0,0,0,0,0
TSV8,-6.9184E-17,-1.6775E-15,-4.2297E-15,-1.679E-15,-6.7208E-17,-1.5455E-16,-4.1525E-15,2.3882E-14,-4.1522E-15,-1.5425E-16,-1.1246E-16,-1.5819E-15,-4.1132E-15,-1.5812E-15,-1.1359E-16,-4.5355E-18,-7.6015E-17,-1.454E-16,-7.6859E-17,-4.464E-18,0,0,0,0,0
TSV9,0,-8.2084E-17,-1.6763E-15,-4.2468E-15,-1.826E-15,0,-1.6506E-16,-4.1522E-15,2.3836E-14,-4.2454E-15,0,-7.8044E-17,-1.5965E-15,-4.146E-15,-1.6766E-15,0,-8.787E-19,-7.6705E-17,-1.6605E-16,-8.2373E-17,0,0,0,0,0
TSV10,-7.9319E-17,-8.1079E-17,-2.0203E-16,-2.086E-15,-5.8549E-15,0,0,-1.5425E-16,-4.2454E-15,2.2578E-14,-2.3277E-17,0,-8.446E-17,-1.6827E-15,-5.3931E-15,-3.4759E-18,0,-1.4894E-18,-8.2261E-17,-1.0024E-15,-3.6054E-17,-2.9328E-17,-4.5237E-17,-8.0201E-17,-4.6793E-16
TSV11,-1.2638E-15,-2.082E-16,0,-4.6976E-17,-3.4186E-17,-5.3925E-15,-1.676E-15,-1.1246E-16,0,-2.3277E-17,2.2738E-14,-4.2303E-15,-1.596E-16,0,-3.9487E-17,-5.3838E-15,-1.6765E-15,-1.0716E-16,0,-1.8261E-17,-1.2611E-15,-1.9647E-16,0,-4.6912E-17,-3.0083E-17
TSV12,-7.4107E-17,-1.5374E-16,-1.082E-16,-5.6384E-18,0,-1.6829E-15,-4.1461E-15,-1.5819E-15,-7.8044E-17,0,-4.2303E-15,2.3892E-14,-4.1123E-15,-1.4288E-16,0,-1.6781E-15,-4.1437E-15,-1.5913E-15,-7.4944E-17,0,-6.0859E-17,-1.5343E-16,-1.0916E-16,-1.8704E-18,0
TSV13,0,-8.0818E-17,-1.5635E-16,-8.0193E-17,0,-8.6631E-17,-1.5954E-15,-4.1132E-15,-1.5965E-15,-8.446E-17,-1.596E-16,-4.1123E-15,2.3931E-14,-4.1123E-15,-1.5975E-16,-7.9248E-17,-1.6023E-15,-4.099E-15,-1.6014E-15,-8.1478E-17,0,-8.2848E-17,-1.6031E-16,-8.3888E-17,0
TSV14,0,-3.3356E-18,-1.0766E-16,-1.5402E-16,-7.4222E-17,0,-7.9077E-17,-1.5812E-15,-4.146E-15,-1.6827E-15,0,-1.4288E-16,-4.1123E-15,2.3892E-14,-4.2305E-15,0,-7.3752E-17,-1.5921E-15,-4.1431E-15,-1.6781E-15,0,-3.374E-18,-1.0797E-16,-1.5203E-16,-6.0324E-17
TSV15,-3.2564E-17,-4.6078E-17,0,-2.0679E-16,-1.2612E-15,-2.2448E-17,0,-1.1359E-16,-1.6766E-15,-5.3931E-15,-3.9487E-17,0,-1.5975E-16,-4.2305E-15,2.2735E-14,-2.0201E-17,0,-1.0601E-16,-1.6751E-15,-5.382E-15,-3.1094E-17,-4.4835E-17,0,-1.9376E-16,-1.262E-15
TSV16,-4.7663E-16,-8.275E-17,-4.7435E-17,-2.9323E-17,-3.6543E-17,-1.0019E-15,-8.1532E-17,-4.5355E-18,0,-3.4759E-18,-5.3838E-15,-1.6781E-15,-7.9248E-17,0,-2.0201E-17,2.2584E-14,-4.2477E-15,-1.5616E-16,0,0,-5.8448E-15,-2.0878E-15,-2.0543E-16,-8.4918E-17,-7.8419E-17
TSV17,0,0,0,0,0,-8.3012E-17,-1.6618E-16,-7.6015E-17,-8.787E-19,0,-1.6765E-15,-4.1437E-15,-1.6023E-15,-7.3752E-17,0,-4.2477E-15,2.3834E-14,-4.1526E-15,-1.6497E-16,0,-1.8252E-15,-4.2464E-15,-1.6752E-15,-8.0932E-17,0
TSV18,0,0,0,0,0,-1.6014E-18,-7.7694E-17,-1.454E-16,-7.6705E-17,-1.4894E-18,-1.0716E-16,-1.5913E-15,-4.099E-15,-1.5921E-15,-1.0601E-16,-1.5616E-16,-4.1526E-15,2.3881E-14,-4.1531E-15,-1.556E-16,-6.7226E-17,-1.6782E-15,-4.2306E-15,-1.6773E-15,-6.7365E-17
TSV19,0,0,0,0,0,0,-6.9145E-19,-7.6859E-17,-1.6605E-16,-8.2261E-17,0,-7.4944E-17,-1.6014E-15,-4.1431E-15,-1.6751E-15,0,-1.6497E-16,-4.1531E-15,2.3833E-14,-4.2462E-15,0,-8.1534E-17,-1.6765E-15,-4.2474E-15,-1.8279E-15
TSV20,-3.6623E-17,-2.974E-17,-4.7956E-17,-8.3113E-17,-4.7578E-16,-3.3038E-18,0,-4.464E-18,-8.2373E-17,-1.0024E-15,-1.8261E-17,0,-8.1478E-17,-1.6781E-15,-5.382E-15,0,0,-1.556E-16,-4.2462E-15,2.2582E-14,-7.722E-17,-8.0059E-17,-1.9822E-16,-2.0825E-15,-5.8473E-15
TSV21,-4.8609E-16,-8.0138E-17,-3.3908E-17,-3.6377E-17,-7.3965E-17,-4.672E-16,0,0,0,-3.6054E-17,-1.2611E-15,-6.0859E-17,0,0,-3.1094E-17,-5.8448E-15,-1.8252E-15,-6.7226E-17,0,-7.722E-17,2.0855E-14,-5.8544E-15,-1.2668E-15,-4.7538E-16,-4.8263E-16
TSV22,-7.889E-17,0,-2.0994E-17,-3.2556E-18,-3.6065E-17,-8.0838E-17,0,0,0,-2.9328E-17,-1.9647E-16,-1.5343E-16,-8.2848E-17,-3.374E-18,-4.4835E-17,-2.0878E-15,-4.2464E-15,-1.6782E-15,-8.1534E-17,-8.0059E-17,-5.8544E-15,2.2597E-14,-5.3885E-15,-9.9739E-16,-4.6718E-16
TSV23,-3.2365E-17,-2.1034E-17,-3.9255E-17,-2.1956E-17,-3.1524E-17,-4.5522E-17,0,0,0,-4.5237E-17,0,-1.0916E-16,-1.6031E-16,-1.0797E-16,0,-2.0543E-16,-1.6752E-15,-4.2306E-15,-1.6765E-15,-1.9822E-16,-1.2668E-15,-5.3885E-15,2.2744E-14,-5.3777E-15,-1.2519E-15
TSV24,-3.6551E-17,-3.3484E-18,-2.0198E-17,0,-7.6484E-17,-2.9223E-17,0,0,0,-8.0201E-17,-4.6912E-17,-1.8704E-18,-8.3888E-17,-1.5203E-16,-1.9376E-16,-8.4918E-17,-8.0932E-17,-1.6773E-15,-4.2474E-15,-2.0825E-15,-4.7538E-16,-9.9739E-16,-5.3777E-15,2.2596E-14,-5.8471E-15
TSV25,-7.4101E-17,-3.5512E-17,-3.1131E-17,-7.7832E-17,-4.8309E-16,-3.5352E-17,0,0,0,-4.6793E-16,-3.0083E-17,0,0,-6.0324E-17,-1.262E-15,-7.8419E-17,0,-6.7365E-17,-1.8279E-15,-5.8473E-15,-4.8263E-16,-4.6718E-16,-1.2519E-15,-5.8471E-15,2.0889E-14

Capacitance Matrix Coupling Coefficient
,TSV1,TSV2,TSV3,TSV4,TSV5,TSV6,TSV7,TSV8,TSV9,TSV10,TSV11,TSV12,TSV13,TSV14,TSV15,TSV16,TSV17,TSV18,TSV19,TSV20,TSV21,TSV22,TSV23,TSV24,TSV25,
TSV1,1,0.26991,0.058301,0.02194,0.023297,0.27025,0.081909,0.0031008,0,0.0036562,0.05805,0.0033208,0,0,0.0014959,0.021967,0,0,0,0.0016881,0.023314,0.003635,0.0014864,0.0016842,0.0035511
TSV2,0.26991,1,0.23766,0.044185,0.021552,0.092606,0.1829,0.072219,0.0035373,0.00359,0.0091865,0.0066175,0.0034758,0.00014357,0.0020332,0.0036635,0,0,0,0.0013167,0.003692,0,0.00092794,0.0001482,0.0016347
TSV3,0.058301,0.23766,1,0.23741,0.057585,0.0091453,0.071966,0.18149,0.071993,0.0089152,0,0.0046415,0.0067018,0.0046184,0,0.002093,0,0,0,0.0021161,0.0015569,0.00092608,0.001726,0.00089095,0.0014282
TSV4,0.02194,0.044185,0.23741,1,0.26915,0.00376,0.0034843,0.072261,0.18296,0.092334,0.002072,0.00024262,0.0034478,0.0066273,0.0091219,0.0012978,0,0,0,0.0036786,0.0016754,0.00014404,0.00096834,0,0.0035817
TSV5,0.023297,0.021552,0.057585,0.26915,1,0.003734,0,0.0030115,0.081901,0.26982,0.0015699,0,0,0.0033251,0.057921,0.0016838,0,0,0,0.021924,0.0035467,0.0016613,0.0014475,0.0035233,0.023145
TSV6,0.27025,0.092606,0.0091453,0.00376,0.003734,1,0.18304,0.0066573,0,0,0.23805,0.072475,0.0037277,0,0.000991,0.044377,0.0035793,6.8981E-05,0,0.00014635,0.021535,0.0035797,0.0020093,0.0012941,0.0016282
TSV7,0.081909,0.1829,0.071966,0.0034843,0,0.18304,1,0.17404,0.0069245,0,0.071989,0.17374,0.066799,0.0033136,0,0.003514,0.0069721,0.0032564,2.901E-05,0,0,0,0,0,0
TSV8,0.0031008,0.072219,0.18149,0.072261,0.0030115,0.0066573,0.17404,1,0.17403,0.0066428,0.0048259,0.066225,0.17205,0.066195,0.0048748,0.00019529,0.0031862,0.0060886,0.0032216,0.00019223,0,0,0,0,0
TSV9,0,0.0035373,0.071993,0.18296,0.081901,0,0.0069245,0.17403,1,0.183,0,0.0032704,0.066843,0.17374,0.07202,0,3.6866E-05,0.003215,0.0069668,0.0035505,0,0,0,0,0
TSV10,0.0036562,0.00359,0.0089152,0.092334,0.26982,0,0,0.0066428,0.183,1,0.0010273,0,0.0036334,0.072451,0.23804,0.00015393,0,6.4144E-05,0.0035462,0.044394,0.0016615,0.0012984,0.0019962,0.0035507,0.021546
TSV11,0.05805,0.0091865,0,0.002072,0.0015699,0.23805,0.071989,0.0048259,0,0.0010273,1,0.1815,0.0068417,0,0.0017367,0.23758,0.072018,0.0045989,0,0.00080587,0.057911,0.0086674,0,0.0020696,0.0013804
TSV12,0.0033208,0.0066175,0.0046415,0.00024262,0,0.072475,0.17374,0.066225,0.0032704,0,0.1815,1,0.17198,0.0059802,0,0.072243,0.17365,0.066621,0.0031407,0,0.0027264,0.0066031,0.0046829,8.0499E-05,0
TSV13,0,0.0034758,0.0067018,0.0034478,0,0.0037277,0.066799,0.17205,0.066843,0.0036334,0.0068417,0.17198,1,0.17198,0.0068485,0.0034088,0.06709,0.17146,0.067055,0.0035049,0,0.0035626,0.0068715,0.0036074,0
TSV14,0,0.00014357,0.0046184,0.0066273,0.0033251,0,0.0033136,0.066195,0.17374,0.072451,0,0.0059802,0.17198,1,0.18152,0,0.0030907,0.066654,0.17362,0.072246,0,0.00014521,0.0046317,0.0065432,0.0027002
TSV15,0.0014959,0.0020332,0,0.0091219,0.057921,0.000991,0,0.0048748,0.07202,0.23804,0.0017367,0,0.0068485,0.18152,1,0.00089149,0,0.0045498,0.071964,0.23753,0.001428,0.001978,0,0.0085486,0.057908
TSV16,0.021967,0.0036635,0.002093,0.0012978,0.0016838,0.044377,0.003514,0.00019529,0,0.00015393,0.23758,0.072243,0.0034088,0,0.00089149,1,0.18309,0.0067243,0,0,0.26931,0.092418,0.0090641,0.003759,0.0036104
TSV17,0,0,0,0,0,0.0035793,0.0069721,0.0031862,3.6866E-05,0,0.072018,0.17365,0.06709,0.0030907,0,0.18309,1,0.17406,0.0069218,0,0.081869,0.18298,0.071954,0.0034875,0
TSV18,0,0,0,0,0,6.8981E-05,0.0032564,0.0060886,0.003215,6.4144E-05,0.0045989,0.066621,0.17146,0.066654,0.0045498,0.0067243,0.17406,1,0.17409,0.0067005,0.0030124,0.072242,0.18153,0.072204,0.0030161
TSV19,0,0,0,0,0,0,2.901E-05,0.0032216,0.0069668,0.0035462,0,0.0031407,0.067055,0.17362,0.071964,0,0.0069218,0.17409,1,0.18304,0,0.0035134,0.07201,0.18303,0.081922
TSV20,0.0016881,0.0013167,0.0021161,0.0036786,0.021924,0.00014635,0,0.00019223,0.0035505,0.044394,0.00080587,0,0.0035049,0.072246,0.23753,0,0,0.0067005,0.18304,1,0.0035583,0.0035441,0.0087468,0.092189,0.26923
TSV21,0.023314,0.003692,0.0015569,0.0016754,0.0035467,0.021535,0,0,0,0.0016615,0.057911,0.0027264,0,0,0.001428,0.26931,0.081869,0.0030124,0,0.0035583,1,0.26968,0.058168,0.021899,0.023123
TSV22,0.003635,0,0.00092608,0.00014404,0.0016613,0.0035797,0,0,0,0.0012984,0.0086674,0.0066031,0.0035626,0.00014521,0.001978,0.092418,0.18298,0.072242,0.0035134,0.0035441,0.26968,1,0.23769,0.044139,0.021503
TSV23,0.0014864,0.00092794,0.001726,0.00096834,0.0014475,0.0020093,0,0,0,0.0019962,0,0.0046829,0.0068715,0.0046317,0,0.0090641,0.071954,0.18153,0.07201,0.0087468,0.058168,0.23769,1,0.23722,0.057435
TSV24,0.0016842,0.0001482,0.00089095,0,0.0035233,0.0012941,0,0,0,0.0035507,0.0020696,8.0499E-05,0.0036074,0.0065432,0.0085486,0.003759,0.0034875,0.072204,0.18303,0.092189,0.021899,0.044139,0.23722,1,0.26913
TSV25,0.0035511,0.0016347,0.0014282,0.0035817,0.023145,0.0016282,0,0,0,0.021546,0.0013804,0,0,0.0027002,0.057908,0.0036104,0,0.0030161,0.081922,0.26923,0.023123,0.021503,0.057435,0.26913,1

Spice Capacitance Matrix
,TSV1,TSV2,TSV3,TSV4,TSV5,TSV6,TSV7,TSV8,TSV9,TSV10,TSV11,TSV12,TSV13,TSV14,TSV15,TSV16,TSV17,TSV18,TSV19,TSV20,TSV21,TSV22,TSV23,TSV24,TSV25,
TSV1,2.3284E-15,5.8572E-15,1.2694E-15,4.7624E-16,4.8573E-16,5.8615E-15,1.8258E-15,6.9184E-17,-0,7.9319E-17,1.2638E-15,7.4107E-17,-0,-0,3.2564E-17,4.7663E-16,-0,-0,-0,3.6623E-17,4.8609E-16,7.889E-17,3.2365E-17,3.6551E-17,7.4101E-17
TSV2,5.8572E-15,9.5969E-16,5.387E-15,9.9848E-16,4.678E-16,2.091E-15,4.2443E-15,1.6775E-15,8.2084E-17,8.1079E-17,2.082E-16,1.5374E-16,8.0818E-17,3.3356E-18,4.6078E-17,8.275E-17,-0,-0,-0,2.974E-17,8.0138E-17,-0,2.1034E-17,3.3484E-18,3.5512E-17
TSV3,1.2694E-15,5.387E-15,8.4621E-16,5.383E-15,1.2541E-15,2.0719E-16,1.6757E-15,4.2297E-15,1.6763E-15,2.0203E-16,-0,1.082E-16,1.5635E-16,1.0766E-16,-0,4.7435E-17,-0,-0,-0,4.7956E-17,3.3908E-17,2.0994E-17,3.9255E-17,2.0198E-17,3.1131E-17
TSV4,4.7624E-16,9.9848E-16,5.383E-15,9.803E-16,5.8439E-15,8.4926E-17,8.0882E-17,1.679E-15,4.2468E-15,2.086E-15,4.6976E-17,5.6384E-18,8.0193E-17,1.5402E-16,2.0679E-16,2.9323E-17,-0,-0,-0,8.3113E-17,3.6377E-17,3.2556E-18,2.1956E-17,-0,7.7832E-17
TSV5,4.8573E-16,4.678E-16,1.2541E-15,5.8439E-15,2.3909E-15,8.1006E-17,-0,6.7208E-17,1.826E-15,5.8549E-15,3.4186E-17,-0,-0,7.4222E-17,1.2612E-15,3.6543E-17,-0,-0,-0,4.7578E-16,7.3965E-17,3.6065E-17,3.1524E-17,7.6484E-17,4.8309E-16
TSV6,5.8615E-15,2.091E-15,2.0719E-16,8.4926E-17,8.1006E-17,9.1021E-16,4.2454E-15,1.5455E-16,-0,-0,5.3925E-15,1.6829E-15,8.6631E-17,-0,2.2448E-17,1.0019E-15,8.3012E-17,1.6014E-18,-0,3.3038E-18,4.672E-16,8.0838E-17,4.5522E-17,2.9223E-17,3.5352E-17
TSV7,1.8258E-15,4.2443E-15,1.6757E-15,8.0882E-17,-0,4.2454E-15,-3.7526E-16,4.1525E-15,1.6506E-16,-0,1.676E-15,4.1461E-15,1.5954E-15,7.9077E-17,-0,8.1532E-17,1.6618E-16,7.7694E-17,6.9145E-19,-0,-0,-0,-0,-0,-0
TSV8,6.9184E-17,1.6775E-15,4.2297E-15,1.679E-15,6.7208E-17,1.5455E-16,4.1525E-15,-2.6387E-16,4.1522E-15,1.5425E-16,1.1246E-16,1.5819E-15,4.1132E-15,1.5812E-15,1.1359E-16,4.5355E-18,7.6015E-17,1.454E-16,7.6859E-17,4.464E-18,-0,-0,-0,-0,-0
TSV9,-0,8.2084E-17,1.6763E-15,4.2468E-15,1.826E-15,-0,1.6506E-16,4.1522E-15,-3.8093E-16,4.2454E-15,-0,7.8044E-17,1.5965E-15,4.146E-15,1.6766E-15,-0,8.787E-19,7.6705E-17,1.6605E-16,8.2373E-17,-0,-0,-0,-0,-0
TSV10,7.9319E-17,8.1079E-17,2.0203E-16,2.086E-15,5.8549E-15,-0,-0,1.5425E-16,4.2454E-15,9.4337E-16,2.3277E-17,-0,8.446E-17,1.6827E-15,5.3931E-15,3.4759E-18,-0,1.4894E-18,8.2261E-17,1.0024E-15,3.6054E-17,2.9328E-17,4.5237E-17,8.0201E-17,4.6793E-16
TSV11,1.2638E-15,2.082E-16,-0,4.6976E-17,3.4186E-17,5.3925E-15,1.676E-15,1.1246E-16,-0,2.3277E-17,8.3079E-16,4.2303E-15,1.596E-16,-0,3.9487E-17,5.3838E-15,1.6765E-15,1.0716E-16,-0,1.8261E-17,1.2611E-15,1.9647E-16,-0,4.6912E-17,3.0083E-17
TSV12,7.4107E-17,1.5374E-16,1.082E-16,5.6384E-18,-0,1.6829E-15,4.1461E-15,1.5819E-15,7.8044E-17,-0,4.2303E-15,-2.3768E-16,4.1123E-15,1.4288E-16,-0,1.6781E-15,4.1437E-15,1.5913E-15,7.4944E-17,-0,6.0859E-17,1.5343E-16,1.0916E-16,1.8704E-18,-0
TSV13,-0,8.0818E-17,1.5635E-16,8.0193E-17,-0,8.6631E-17,1.5954E-15,4.1132E-15,1.5965E-15,8.446E-17,1.596E-16,4.1123E-15,-1.9652E-16,4.1123E-15,1.5975E-16,7.9248E-17,1.6023E-15,4.099E-15,1.6014E-15,8.1478E-17,-0,8.2848E-17,1.6031E-16,8.3888E-17,-0
TSV14,-0,3.3356E-18,1.0766E-16,1.5402E-16,7.4222E-17,-0,7.9077E-17,1.5812E-15,4.146E-15,1.6827E-15,-0,1.4288E-16,4.1123E-15,-2.329E-16,4.2305E-15,-0,7.3752E-17,1.5921E-15,4.1431E-15,1.6781E-15,-0,3.374E-18,1.0797E-16,1.5203E-16,6.0324E-17
TSV15,3.2564E-17,4.6078E-17,-0,2.0679E-16,1.2612E-15,2.2448E-17,-0,1.1359E-16,1.6766E-15,5.3931E-15,3.9487E-17,-0,1.5975E-16,4.2305E-15,8.3807E-16,2.0201E-17,-0,1.0601E-16,1.6751E-15,5.382E-15,3.1094E-17,4.4835E-17,-0,1.9376E-16,1.262E-15
TSV16,4.7663E-16,8.275E-17,4.7435E-17,2.9323E-17,3.6543E-17,1.0019E-15,8.1532E-17,4.5355E-18,-0,3.4759E-18,5.3838E-15,1.6781E-15,7.9248E-17,-0,2.0201E-17,9.5371E-16,4.2477E-15,1.5616E-16,-0,-0,5.8448E-15,2.0878E-15,2.0543E-16,8.4918E-17,7.8419E-17
TSV17,-0,-0,-0,-0,-0,8.3012E-17,1.6618E-16,7.6015E-17,8.787E-19,-0,1.6765E-15,4.1437E-15,1.6023E-15,7.3752E-17,-0,4.2477E-15,-3.8188E-16,4.1526E-15,1.6497E-16,-0,1.8252E-15,4.2464E-15,1.6752E-15,8.0932E-17,-0
TSV18,-0,-0,-0,-0,-0,1.6014E-18,7.7694E-17,1.454E-16,7.6705E-17,1.4894E-18,1.0716E-16,1.5913E-15,4.099E-15,1.5921E-15,1.0601E-16,1.5616E-16,4.1526E-15,-2.5602E-16,4.1531E-15,1.556E-16,6.7226E-17,1.6782E-15,4.2306E-15,1.6773E-15,6.7365E-17
TSV19,-0,-0,-0,-0,-0,-0,6.9145E-19,7.6859E-17,1.6605E-16,8.2261E-17,-0,7.4944E-17,1.6014E-15,4.1431E-15,1.6751E-15,-0,1.6497E-16,4.1531E-15,-3.8534E-16,4.2462E-15,-0,8.1534E-17,1.6765E-15,4.2474E-15,1.8279E-15
TSV20,3.6623E-17,2.974E-17,4.7956E-17,8.3113E-17,4.7578E-16,3.3038E-18,-0,4.464E-18,8.2373E-17,1.0024E-15,1.8261E-17,-0,8.1478E-17,1.6781E-15,5.382E-15,-0,-0,1.556E-16,4.2462E-15,9.689E-16,7.722E-17,8.0059E-17,1.9822E-16,2.0825E-15,5.8473E-15
TSV21,4.8609E-16,8.0138E-17,3.3908E-17,3.6377E-17,7.3965E-17,4.672E-16,-0,-0,-0,3.6054E-17,1.2611E-15,6.0859E-17,-0,-0,3.1094E-17,5.8448E-15,1.8252E-15,6.7226E-17,-0,7.722E-17,2.3945E-15,5.8544E-15,1.2668E-15,4.7538E-16,4.8263E-16
TSV22,7.889E-17,-0,2.0994E-17,3.2556E-18,3.6065E-17,8.0838E-17,-0,-0,-0,2.9328E-17,1.9647E-16,1.5343E-16,8.2848E-17,3.374E-18,4.4835E-17,2.0878E-15,4.2464E-15,1.6782E-15,8.1534E-17,8.0059E-17,5.8544E-15,9.8537E-16,5.3885E-15,9.9739E-16,4.6718E-16
TSV23,3.2365E-17,2.1034E-17,3.9255E-17,2.1956E-17,3.1524E-17,4.5522E-17,-0,-0,-0,4.5237E-17,-0,1.0916E-16,1.6031E-16,1.0797E-16,-0,2.0543E-16,1.6752E-15,4.2306E-15,1.6765E-15,1.9822E-16,1.2668E-15,5.3885E-15,8.5837E-16,5.3777E-15,1.2519E-15
TSV24,3.6551E-17,3.3484E-18,2.0198E-17,-0,7.6484E-17,2.9223E-17,-0,-0,-0,8.0201E-17,4.6912E-17,1.8704E-18,8.3888E-17,1.5203E-16,1.9376E-16,8.4918E-17,8.0932E-17,1.6773E-15,4.2474E-15,2.0825E-15,4.7538E-16,9.9739E-16,5.3777E-15,1.0014E-15,5.8471E-15
TSV25,7.4101E-17,3.5512E-17,3.1131E-17,7.7832E-17,4.8309E-16,3.5352E-17,-0,-0,-0,4.6793E-16,3.0083E-17,-0,-0,6.0324E-17,1.262E-15,7.8419E-17,-0,6.7365E-17,1.8279E-15,5.8473E-15,4.8263E-16,4.6718E-16,1.2519E-15,5.8471E-15,2.4623E-15

Conductance Matrix
,TSV1,TSV2,TSV3,TSV4,TSV5,TSV6,TSV7,TSV8,TSV9,TSV10,TSV11,TSV12,TSV13,TSV14,TSV15,TSV16,TSV17,TSV18,TSV19,TSV20,TSV21,TSV22,TSV23,TSV24,TSV25,
TSV1,0.29957,0.0028636,-0.030674,-0.016135,-0.014427,0.0031832,-0.033077,-0.013503,-0.0038154,-0.0062676,-0.030937,-0.01398,-0.0025313,-0.00032081,-0.0026786,-0.016159,-0.0038375,-0.00036917,-0.00051594,-0.0026024,-0.014457,-0.0062857,-0.0026782,-0.0026168,-0.0036252
TSV2,0.0028636,0.26207,0.0061977,-0.025315,-0.016099,-0.03489,-0.0058209,-0.025409,-0.012315,-0.0079889,-0.017634,-0.014782,-0.0092007,-0.0030573,-0.0040915,-0.0080442,-0.002384,-0.0011019,-0.00044671,-0.0028234,-0.0062671,-0.0010392,-0.00099748,-0.0010362,-0.0025688
TSV3,-0.030674,0.0061977,0.26416,0.006339,-0.030546,-0.017269,-0.025613,-0.0040472,-0.025451,-0.017208,-0.0053367,-0.010222,-0.013544,-0.010201,-0.0053411,-0.0040824,-0.0014645,-0.0015863,-0.0014833,-0.0040919,-0.0027295,-0.00099924,-0.002461,-0.00093326,-0.002604
TSV4,-0.016135,-0.025315,0.006339,0.26267,0.0030072,-0.008019,-0.012372,-0.025496,-0.0056907,-0.034722,-0.0040813,-0.0030945,-0.009164,-0.014771,-0.017568,-0.0028077,-0.00043899,-0.0010863,-0.0023796,-0.0080325,-0.0026081,-0.0010212,-0.00095333,-0.00094326,-0.0061513
TSV5,-0.014427,-0.016099,-0.030546,0.0030072,0.29976,-0.0062887,-0.0037682,-0.013411,-0.03305,0.0032738,-0.0027376,-0.00029516,-0.0023986,-0.013969,-0.030861,-0.0026129,-0.00048781,-0.00033036,-0.003791,-0.016115,-0.0036587,-0.0025988,-0.0026546,-0.0061885,-0.014349
TSV6,0.0031832,-0.03489,-0.017269,-0.008019,-0.0062887,0.26382,-0.0053774,-0.014311,-0.0023691,-0.001063,0.0063111,-0.025733,-0.0092188,-0.00099976,-0.00099798,-0.025363,-0.012372,-0.003039,-0.00045433,-0.0010171,-0.016129,-0.008069,-0.0040841,-0.0028195,-0.0025505
TSV7,-0.033077,-0.0058209,-0.025613,-0.012372,-0.0037682,-0.0053774,0.22763,-0.0019452,-0.012816,-0.002352,-0.02557,-0.0021909,-0.021636,-0.0079008,-0.0015444,-0.012407,-0.012962,-0.0079727,-0.0017587,-0.00044848,-0.0037982,-0.0024158,-0.0015247,-0.00045192,-0.00048015
TSV8,-0.013503,-0.025409,-0.0040472,-0.025496,-0.013411,-0.014311,-0.0019452,0.22742,-0.001952,-0.014306,-0.010158,-0.021715,-0.0017378,-0.021604,-0.010204,-0.0030405,-0.0079892,-0.011748,-0.0079712,-0.003057,-0.00033737,-0.0011228,-0.0016565,-0.001118,-0.0003415
TSV9,-0.0038154,-0.012315,-0.025451,-0.0056907,-0.03305,-0.0023691,-0.012816,-0.001952,0.2277,-0.0053634,-0.0015101,-0.0079202,-0.021704,-0.0021798,-0.025478,-0.0004295,-0.0017698,-0.0079904,-0.012962,-0.012393,-0.00047435,-0.00045696,-0.0014999,-0.0023982,-0.0038191
TSV10,-0.0062676,-0.0079889,-0.017208,-0.034722,0.0032738,-0.001063,-0.002352,-0.014306,-0.0053634,0.2638,-0.0010191,-0.00097626,-0.009134,-0.025832,0.0064162,-0.0010261,-0.00043641,-0.0030145,-0.012374,-0.025326,-0.002594,-0.0028158,-0.0040527,-0.0080242,-0.016121
TSV11,-0.030937,-0.017634,-0.0053367,-0.0040813,-0.0027376,0.0063111,-0.02557,-0.010158,-0.0015101,-0.0010191,0.26425,-0.0041709,-0.013386,-0.0015685,-0.0024545,0.0067381,-0.025242,-0.009998,-0.0014271,-0.00092873,-0.030928,-0.017306,-0.0052782,-0.0040682,-0.0026065
TSV12,-0.01398,-0.014782,-0.010222,-0.0030945,-0.00029516,-0.025733,-0.0021909,-0.021715,-0.0079202,-0.00097626,-0.0041709,0.22698,-0.0018272,-0.011626,-0.0015686,-0.025405,-0.0018932,-0.021671,-0.0079628,-0.0012168,-0.013547,-0.014515,-0.01015,-0.0030931,-0.00045175
TSV13,-0.0025313,-0.0092007,-0.013544,-0.009164,-0.0023986,-0.0092188,-0.021636,-0.0017378,-0.021704,-0.009134,-0.013386,-0.0018272,0.22742,-0.0018236,-0.013383,-0.0090214,-0.021682,-0.0014817,-0.021617,-0.0090958,-0.0023309,-0.0091909,-0.013466,-0.0092395,-0.0024429
TSV14,-0.00032081,-0.0030573,-0.010201,-0.014771,-0.013969,-0.00099976,-0.0079008,-0.021604,-0.0021798,-0.025832,-0.0015685,-0.011626,-0.0018236,0.22701,-0.0041697,-0.0011928,-0.0079751,-0.021768,-0.0018957,-0.025267,-0.00042251,-0.0031042,-0.010125,-0.014485,-0.013513
TSV15,-0.0026786,-0.0040915,-0.0053411,-0.017568,-0.030861,-0.00099798,-0.0015444,-0.010204,-0.025478,0.0064162,-0.0024545,-0.0015686,-0.013383,-0.0041697,0.26426,-0.00095402,-0.0013799,-0.00993,-0.025311,0.0068003,-0.0026825,-0.0040157,-0.0051953,-0.017269,-0.030905
TSV16,-0.016159,-0.0080442,-0.0040824,-0.0028077,-0.0026129,-0.025363,-0.012407,-0.0030405,-0.0004295,-0.0010261,0.0067381,-0.025405,-0.0090214,-0.0011928,-0.00095402,0.26387,-0.0054281,-0.014385,-0.0023897,-0.00095219,0.0033243,-0.034796,-0.017254,-0.0080184,-0.0061438
TSV17,-0.0038375,-0.002384,-0.0014645,-0.00043899,-0.00048781,-0.012372,-0.012962,-0.0079892,-0.0017698,-0.00043641,-0.025242,-0.0018932,-0.021682,-0.0079751,-0.0013799,-0.0054281,0.22757,-0.0020433,-0.012856,-0.0023715,-0.033076,-0.0058103,-0.025596,-0.012363,-0.0037909
TSV18,-0.00036917,-0.0011019,-0.0015863,-0.0010863,-0.00033036,-0.003039,-0.0079727,-0.011748,-0.0079904,-0.0030145,-0.009998,-0.021671,-0.0014817,-0.021768,-0.00993,-0.014385,-0.0020433,0.2273,-0.0019939,-0.014348,-0.013449,-0.025552,-0.0041481,-0.025478,-0.013431
TSV19,-0.00051594,-0.00044671,-0.0014833,-0.0023796,-0.003791,-0.00045433,-0.0017587,-0.0079712,-0.012962,-0.012374,-0.0014271,-0.0079628,-0.021617,-0.0018957,-0.025311,-0.0023897,-0.012856,-0.0019939,0.22744,-0.0054641,-0.0037587,-0.012342,-0.025526,-0.0058281,-0.032917
TSV20,-0.0026024,-0.0028234,-0.0040919,-0.0080325,-0.016115,-0.0010171,-0.00044848,-0.003057,-0.012393,-0.025326,-0.00092873,-0.0012168,-0.0090958,-0.025267,0.0068003,-0.00095219,-0.0023715,-0.014348,-0.0054641,0.26398,-0.0061686,-0.0079399,-0.017151,-0.034829,0.0035847
TSV21,-0.014457,-0.0062671,-0.0027295,-0.0026081,-0.0036587,-0.016129,-0.0037982,-0.00033737,-0.00047435,-0.002594,-0.030928,-0.013547,-0.0023309,-0.00042251,-0.0026825,0.0033243,-0.033076,-0.013449,-0.0037587,-0.0061686,0.29975,0.0028759,-0.030607,-0.016115,-0.014303
TSV22,-0.0062857,-0.0010392,-0.00099924,-0.0010212,-0.0025988,-0.008069,-0.0024158,-0.0011228,-0.00045696,-0.0028158,-0.017306,-0.014515,-0.0091909,-0.0031042,-0.0040157,-0.034796,-0.0058103,-0.025552,-0.012342,-0.0079399,0.0028759,0.26248,0.0062074,-0.0253,-0.016043
TSV23,-0.0026782,-0.00099748,-0.002461,-0.00095333,-0.0026546,-0.0040841,-0.0015247,-0.0016565,-0.0014999,-0.0040527,-0.0052782,-0.01015,-0.013466,-0.010125,-0.0051953,-0.017254,-0.025596,-0.0041481,-0.025526,-0.017151,-0.030607,0.0062074,0.26417,0.0062826,-0.030458
TSV24,-0.0026168,-0.0010362,-0.00093326,-0.00094326,-0.0061885,-0.0028195,-0.00045192,-0.001118,-0.0023982,-0.0080242,-0.0040682,-0.0030931,-0.0092395,-0.014485,-0.017269,-0.0080184,-0.012363,-0.025478,-0.0058281,-0.034829,-0.016115,-0.0253,0.0062826,0.26196,0.0030773
TSV25,-0.0036252,-0.0025688,-0.002604,-0.0061513,-0.014349,-0.0025505,-0.00048015,-0.0003415,-0.0038191,-0.016121,-0.0026065,-0.00045175,-0.0024429,-0.013513,-0.030905,-0.0061438,-0.0037909,-0.013431,-0.032917,0.0035847,-0.014303,-0.016043,-0.030458,0.0030773,0.301

Conductance Matrix Coupling Coefficient
,TSV1,TSV2,TSV3,TSV4,TSV5,TSV6,TSV7,TSV8,TSV9,TSV10,TSV11,TSV12,TSV13,TSV14,TSV15,TSV16,TSV17,TSV18,TSV19,TSV20,TSV21,TSV22,TSV23,TSV24,TSV25,
TSV1,1,0.01022,0.10904,0.05752,0.048145,0.011323,0.12667,0.051733,0.014609,0.022295,0.10996,0.053611,0.0096981,0.0012302,0.0095203,0.057476,0.014698,0.0014148,0.0019766,0.0092543,0.048244,0.022416,0.0095202,0.0093413,0.012073
TSV2,0.01022,1,0.023556,0.096484,0.057439,0.13269,0.023832,0.10408,0.050415,0.030384,0.067011,0.060606,0.037688,0.012535,0.015547,0.03059,0.0097621,0.0045148,0.0018297,0.010734,0.02236,0.0039623,0.003791,0.0039548,0.009146
TSV3,0.10904,0.023556,1,0.024065,0.10855,0.065414,0.10445,0.016512,0.10377,0.065188,0.020199,0.041747,0.055257,0.041658,0.020215,0.015463,0.005973,0.006474,0.0060515,0.015496,0.0096999,0.0037948,0.0093163,0.0035478,0.0092348
TSV4,0.05752,0.096484,0.024065,1,0.010717,0.030462,0.050597,0.10432,0.023269,0.1319,0.015491,0.012673,0.037494,0.060489,0.066682,0.010665,0.0017955,0.0044459,0.0097356,0.030504,0.0092948,0.0038891,0.003619,0.0035959,0.021876
TSV5,0.048145,0.057439,0.10855,0.010717,1,0.022363,0.014426,0.051363,0.1265,0.011642,0.009727,0.0011315,0.0091868,0.053551,0.10965,0.0092904,0.0018677,0.0012656,0.014519,0.057286,0.012206,0.0092647,0.0094333,0.022084,0.047769
TSV6,0.011323,0.13269,0.065414,0.030462,0.022363,1,0.021943,0.058426,0.0096661,0.0040295,0.023903,0.10516,0.037636,0.0040853,0.0037796,0.096129,0.050492,0.01241,0.0018548,0.0038541,0.057355,0.030663,0.01547,0.010725,0.0090506
TSV7,0.12667,0.023832,0.10445,0.050597,0.014426,0.021943,1,0.0085493,0.056292,0.0095981,0.10426,0.0096388,0.095095,0.034757,0.0062968,0.050624,0.056953,0.035051,0.0077293,0.0018296,0.014541,0.0098831,0.0062177,0.0018507,0.0018344
TSV8,0.051733,0.10408,0.016512,0.10432,0.051363,0.058426,0.0085493,1,0.0085782,0.058406,0.041438,0.095575,0.0076413,0.095085,0.041623,0.012412,0.035118,0.051671,0.03505,0.012477,0.0012921,0.0045958,0.0067581,0.0045806,0.0013052
TSV9,0.014609,0.050415,0.10377,0.023269,0.1265,0.0096661,0.056292,0.0085782,1,0.021884,0.0061564,0.034838,0.095378,0.0095876,0.10386,0.0017522,0.0077749,0.035123,0.056958,0.050548,0.0018157,0.0018692,0.0061155,0.0098196,0.014588
TSV10,0.022295,0.030384,0.065188,0.1319,0.011642,0.0040295,0.0095981,0.058406,0.021884,1,0.0038597,0.0039896,0.037292,0.10556,0.024301,0.003889,0.0017811,0.012311,0.050516,0.095972,0.0092247,0.010701,0.015352,0.030524,0.057208
TSV11,0.10996,0.067011,0.020199,0.015491,0.009727,0.023903,0.10426,0.041438,0.0061564,0.0038597,1,0.017031,0.054604,0.0064042,0.0092884,0.025517,0.10293,0.040796,0.0058215,0.0035165,0.10989,0.065711,0.019978,0.015462,0.0092421
TSV12,0.053611,0.060606,0.041747,0.012673,0.0011315,0.10516,0.0096388,0.095575,0.034838,0.0039896,0.017031,1,0.0080422,0.051218,0.0064047,0.10381,0.0083299,0.095411,0.035046,0.0049709,0.051937,0.059468,0.041452,0.012685,0.0017283
TSV13,0.0096981,0.037688,0.055257,0.037494,0.0091868,0.037636,0.095095,0.0076413,0.095378,0.037292,0.054604,0.0080422,1,0.0080258,0.054593,0.036827,0.095308,0.006517,0.095051,0.037123,0.0089275,0.037618,0.05494,0.037855,0.0093369
TSV14,0.0012302,0.012535,0.041658,0.060489,0.053551,0.0040853,0.034757,0.095085,0.0095876,0.10556,0.0064042,0.051218,0.0080258,1,0.017024,0.0048738,0.035088,0.09583,0.0083428,0.10322,0.0016197,0.012717,0.041345,0.0594,0.051695
TSV15,0.0095203,0.015547,0.020215,0.066682,0.10965,0.0037796,0.0062968,0.041623,0.10386,0.024301,0.0092884,0.0064047,0.054593,0.017024,1,0.0036128,0.0056272,0.040517,0.10325,0.025747,0.0095313,0.015247,0.019663,0.065635,0.10958
TSV16,0.057476,0.03059,0.015463,0.010665,0.0092904,0.096129,0.050624,0.012412,0.0017522,0.003889,0.025517,0.10381,0.036827,0.0048738,0.0036128,1,0.022151,0.05874,0.0097547,0.0036078,0.01182,0.13222,0.065352,0.030498,0.0218
TSV17,0.014698,0.0097621,0.005973,0.0017955,0.0018677,0.050492,0.056953,0.035118,0.0077749,0.0017811,0.10293,0.0083299,0.095308,0.035088,0.0056272,0.022151,1,0.0089841,0.056508,0.0096757,0.12664,0.023773,0.10439,0.050636,0.014484
TSV18,0.0014148,0.0045148,0.006474,0.0044459,0.0012656,0.01241,0.035051,0.051671,0.035123,0.012311,0.040796,0.095411,0.006517,0.09583,0.040517,0.05874,0.0089841,1,0.0087697,0.058575,0.051525,0.10461,0.016928,0.10441,0.05135
TSV19,0.0019766,0.0018297,0.0060515,0.0097356,0.014519,0.0018548,0.0077293,0.03505,0.056958,0.050516,0.0058215,0.035046,0.095051,0.0083428,0.10325,0.0097547,0.056508,0.0087697,1,0.0223,0.014396,0.050514,0.10414,0.023877,0.12581
TSV20,0.0092543,0.010734,0.015496,0.030504,0.057286,0.0038541,0.0018296,0.012477,0.050548,0.095972,0.0035165,0.0049709,0.037123,0.10322,0.025747,0.0036078,0.0096757,0.058575,0.0223,1,0.021929,0.030164,0.064949,0.13245,0.012717
TSV21,0.048244,0.02236,0.0096999,0.0092948,0.012206,0.057355,0.014541,0.0012921,0.0018157,0.0092247,0.10989,0.051937,0.0089275,0.0016197,0.0095313,0.01182,0.12664,0.051525,0.014396,0.021929,1,0.010253,0.10877,0.057509,0.047617
TSV22,0.022416,0.0039623,0.0037948,0.0038891,0.0092647,0.030663,0.0098831,0.0045958,0.0018692,0.010701,0.065711,0.059468,0.037618,0.012717,0.015247,0.13222,0.023773,0.10461,0.050514,0.030164,0.010253,1,0.023573,0.096483,0.057077
TSV23,0.0095202,0.003791,0.0093163,0.003619,0.0094333,0.01547,0.0062177,0.0067581,0.0061155,0.015352,0.019978,0.041452,0.05494,0.041345,0.019663,0.065352,0.10439,0.016928,0.10414,0.064949,0.10877,0.023573,1,0.023882,0.10801
TSV24,0.0093413,0.0039548,0.0035478,0.0035959,0.022084,0.010725,0.0018507,0.0045806,0.0098196,0.030524,0.015462,0.012685,0.037855,0.0594,0.065635,0.030498,0.050636,0.10441,0.023877,0.13245,0.057509,0.096483,0.023882,1,0.010959
TSV25,0.012073,0.009146,0.0092348,0.021876,0.047769,0.0090506,0.0018344,0.0013052,0.014588,0.057208,0.0092421,0.0017283,0.0093369,0.051695,0.10958,0.0218,0.014484,0.05135,0.12581,0.012717,0.047617,0.057077,0.10801,0.010959,1

Spice Conductance Matrix
,TSV1,TSV2,TSV3,TSV4,TSV5,TSV6,TSV7,TSV8,TSV9,TSV10,TSV11,TSV12,TSV13,TSV14,TSV15,TSV16,TSV17,TSV18,TSV19,TSV20,TSV21,TSV22,TSV23,TSV24,TSV25,
TSV1,0.08412,-0.0028636,0.030674,0.016135,0.014427,-0.0031832,0.033077,0.013503,0.0038154,0.0062676,0.030937,0.01398,0.0025313,0.00032081,0.0026786,0.016159,0.0038375,0.00036917,0.00051594,0.0026024,0.014457,0.0062857,0.0026782,0.0026168,0.0036252
TSV2,-0.0028636,0.067818,-0.0061977,0.025315,0.016099,0.03489,0.0058209,0.025409,0.012315,0.0079889,0.017634,0.014782,0.0092007,0.0030573,0.0040915,0.0080442,0.002384,0.0011019,0.00044671,0.0028234,0.0062671,0.0010392,0.00099748,0.0010362,0.0025688
TSV3,0.030674,-0.0061977,0.058806,-0.006339,0.030546,0.017269,0.025613,0.0040472,0.025451,0.017208,0.0053367,0.010222,0.013544,0.010201,0.0053411,0.0040824,0.0014645,0.0015863,0.0014833,0.0040919,0.0027295,0.00099924,0.002461,0.00093326,0.002604
TSV4,0.016135,0.025315,-0.006339,0.06917,-0.0030072,0.008019,0.012372,0.025496,0.0056907,0.034722,0.0040813,0.0030945,0.009164,0.014771,0.017568,0.0028077,0.00043899,0.0010863,0.0023796,0.0080325,0.0026081,0.0010212,0.00095333,0.00094326,0.0061513
TSV5,0.014427,0.016099,0.030546,-0.0030072,0.085404,0.0062887,0.0037682,0.013411,0.03305,-0.0032738,0.0027376,0.00029516,0.0023986,0.013969,0.030861,0.0026129,0.00048781,0.00033036,0.003791,0.016115,0.0036587,0.0025988,0.0026546,0.0061885,0.014349
TSV6,-0.0031832,0.03489,0.017269,0.008019,0.0062887,0.070882,0.0053774,0.014311,0.0023691,0.001063,-0.0063111,0.025733,0.0092188,0.00099976,0.00099798,0.025363,0.012372,0.003039,0.00045433,0.0010171,0.016129,0.008069,0.0040841,0.0028195,0.0025505
TSV7,0.033077,0.0058209,0.025613,0.012372,0.0037682,0.0053774,0.021424,0.0019452,0.012816,0.002352,0.02557,0.0021909,0.021636,0.0079008,0.0015444,0.012407,0.012962,0.0079727,0.0017587,0.00044848,0.0037982,0.0024158,0.0015247,0.00045192,0.00048015
TSV8,0.013503,0.025409,0.0040472,0.025496,0.013411,0.014311,0.0019452,0.0092378,0.001952,0.014306,0.010158,0.021715,0.0017378,0.021604,0.010204,0.0030405,0.0079892,0.011748,0.0079712,0.003057,0.00033737,0.0011228,0.0016565,0.001118,0.0003415
TSV9,0.0038154,0.012315,0.025451,0.0056907,0.03305,0.0023691,0.012816,0.001952,0.021893,0.0053634,0.0015101,0.0079202,0.021704,0.0021798,0.025478,0.0004295,0.0017698,0.0079904,0.012962,0.012393,0.00047435,0.00045696,0.0014999,0.0023982,0.0038191
TSV10,0.0062676,0.0079889,0.017208,0.034722,-0.0032738,0.001063,0.002352,0.014306,0.0053634,0.071477,0.0010191,0.00097626,0.009134,0.025832,-0.0064162,0.0010261,0.00043641,0.0030145,0.012374,0.025326,0.002594,0.0028158,0.0040527,0.0080242,0.016121
TSV11,0.030937,0.017634,0.0053367,0.0040813,0.0027376,-0.0063111,0.02557,0.010158,0.0015101,0.0010191,0.058949,0.0041709,0.013386,0.0015685,0.0024545,-0.0067381,0.025242,0.009998,0.0014271,0.00092873,0.030928,0.017306,0.0052782,0.0040682,0.0026065
TSV12,0.01398,0.014782,0.010222,0.0030945,0.00029516,0.025733,0.0021909,0.021715,0.0079202,0.00097626,0.0041709,0.0069735,0.0018272,0.011626,0.0015686,0.025405,0.0018932,0.021671,0.0079628,0.0012168,0.013547,0.014515,0.01015,0.0030931,0.00045175
TSV13,0.0025313,0.0092007,0.013544,0.009164,0.0023986,0.0092188,0.021636,0.0017378,0.021704,0.009134,0.013386,0.0018272,-0.0028403,0.0018236,0.013383,0.0090214,0.021682,0.0014817,0.021617,0.0090958,0.0023309,0.0091909,0.013466,0.0092395,0.0024429
TSV14,0.00032081,0.0030573,0.010201,0.014771,0.013969,0.00099976,0.0079008,0.021604,0.0021798,0.025832,0.0015685,0.011626,0.0018236,0.0072341,0.0041697,0.0011928,0.0079751,0.021768,0.0018957,0.025267,0.00042251,0.0031042,0.010125,0.014485,0.013513
TSV15,0.0026786,0.0040915,0.0053411,0.017568,0.030861,0.00099798,0.0015444,0.010204,0.025478,-0.0064162,0.0024545,0.0015686,0.013383,0.0041697,0.059492,0.00095402,0.0013799,0.00993,0.025311,-0.0068003,0.0026825,0.0040157,0.0051953,0.017269,0.030905
TSV16,0.016159,0.0080442,0.0040824,0.0028077,0.0026129,0.025363,0.012407,0.0030405,0.0004295,0.0010261,-0.0067381,0.025405,0.0090214,0.0011928,0.00095402,0.072021,0.0054281,0.014385,0.0023897,0.00095219,-0.0033243,0.034796,0.017254,0.0080184,0.0061438
TSV17,0.0038375,0.002384,0.0014645,0.00043899,0.00048781,0.012372,0.012962,0.0079892,0.0017698,0.00043641,0.025242,0.0018932,0.021682,0.0079751,0.0013799,0.0054281,0.02192,0.0020433,0.012856,0.0023715,0.033076,0.0058103,0.025596,0.012363,0.0037909
TSV18,0.00036917,0.0011019,0.0015863,0.0010863,0.00033036,0.003039,0.0079727,0.011748,0.0079904,0.0030145,0.009998,0.021671,0.0014817,0.021768,0.00993,0.014385,0.0020433,0.0093791,0.0019939,0.014348,0.013449,0.025552,0.0041481,0.025478,0.013431
TSV19,0.00051594,0.00044671,0.0014833,0.0023796,0.003791,0.00045433,0.0017587,0.0079712,0.012962,0.012374,0.0014271,0.0079628,0.021617,0.0018957,0.025311,0.0023897,0.012856,0.0019939,0.02201,0.0054641,0.0037587,0.012342,0.025526,0.0058281,0.032917
TSV20,0.0026024,0.0028234,0.0040919,0.0080325,0.016115,0.0010171,0.00044848,0.003057,0.012393,0.025326,0.00092873,0.0012168,0.0090958,0.025267,-0.0068003,0.00095219,0.0023715,0.014348,0.0054641,0.072722,0.0061686,0.0079399,0.017151,0.034829,-0.0035847
TSV21,0.014457,0.0062671,0.0027295,0.0026081,0.0036587,0.016129,0.0037982,0.00033737,0.00047435,0.002594,0.030928,0.013547,0.0023309,0.00042251,0.0026825,-0.0033243,0.033076,0.013449,0.0037587,0.0061686,0.085508,-0.0028759,0.030607,0.016115,0.014303
TSV22,0.0062857,0.0010392,0.00099924,0.0010212,0.0025988,0.008069,0.0024158,0.0011228,0.00045696,0.0028158,0.017306,0.014515,0.0091909,0.0031042,0.0040157,0.034796,0.0058103,0.025552,0.012342,0.0079399,-0.0028759,0.068826,-0.0062074,0.0253,0.016043
TSV23,0.0026782,0.00099748,0.002461,0.00095333,0.0026546,0.0040841,0.0015247,0.0016565,0.0014999,0.0040527,0.0052782,0.01015,0.013466,0.010125,0.0051953,0.017254,0.025596,0.0041481,0.025526,0.017151,0.030607,-0.0062074,0.059144,-0.0062826,0.030458
TSV24,0.0026168,0.0010362,0.00093326,0.00094326,0.0061885,0.0028195,0.00045192,0.001118,0.0023982,0.0080242,0.0040682,0.0030931,0.0092395,0.014485,0.017269,0.0080184,0.012363,0.025478,0.0058281,0.034829,0.016115,0.0253,-0.0062826,0.068704,-0.0030773
TSV25,0.0036252,0.0025688,0.002604,0.0061513,0.014349,0.0025505,0.00048015,0.0003415,0.0038191,0.016121,0.0026065,0.00045175,0.0024429,0.013513,0.030905,0.0061438,0.0037909,0.013431,0.032917,-0.0035847,0.014303,0.016043,0.030458,-0.0030773,0.088046

