Design Variation:  d_min='8um' diff_depth='1um' l_tsv='50um' metal_depth='0.3um' r_tsv='2um' ring_distance='9um' substrate_length='112um' t_ox='0.4um' t_ring='2um' tie_size='1um' w_dep='0.244um'
Setup1:LastAdaptive
Problem Type:  C
C Units:farad, G Units:mSie
Reduce Matrix:  Original
Frequency:  6GHz

Capacitance Matrix
,TSV1,TSV2,TSV3,TSV4,TSV5,TSV6,TSV7,TSV8,TSV9,TSV10,TSV11,TSV12,TSV13,TSV14,TSV15,TSV16,TSV17,TSV18,TSV19,TSV20,TSV21,TSV22,TSV23,TSV24,TSV25,
TSV1,2.5185E-14,-7.4494E-15,-1.2166E-15,-3.9691E-16,-4.5689E-16,-7.4482E-15,-2.0369E-15,0,0,-5.8418E-17,-1.2037E-15,0,0,0,-4.2851E-17,-3.982E-16,0,0,-1.4474E-17,-3.1759E-17,-4.61E-16,-6.1554E-17,-4.3107E-17,-3.1565E-17,-6.208E-17
TSV2,-7.4494E-15,2.7602E-14,-6.9574E-15,-9.774E-16,-3.9465E-16,-2.266E-15,-5.5214E-15,-1.9196E-15,-7.1692E-18,-6.7399E-17,-9.5507E-17,-8.4748E-17,-3.869E-17,0,-5.6849E-17,-6.4536E-17,0,0,0,-3.0838E-17,-6.176E-17,0,-3.2836E-17,-7.1841E-18,-3.1919E-17
TSV3,-1.2166E-15,-6.9574E-15,2.7751E-14,-6.9563E-15,-1.2141E-15,-8.567E-17,-1.9155E-15,-5.5172E-15,-1.9154E-15,-8.2759E-17,0,-7.9756E-17,-8.4395E-17,-7.9429E-17,0,-5.373E-17,0,0,0,-5.3273E-17,-4.4003E-17,-3.2143E-17,-6.313E-17,-3.2197E-17,-4.3867E-17
TSV4,-3.9691E-16,-9.774E-16,-6.9563E-15,2.7609E-14,-7.4459E-15,-6.9436E-17,-6.3933E-18,-1.9205E-15,-5.5232E-15,-2.2647E-15,-5.7612E-17,0,-3.8453E-17,-8.4414E-17,-9.6518E-17,-3.1453E-17,0,0,0,-6.3241E-17,-3.1111E-17,-7.2228E-18,-3.2924E-17,0,-6.2186E-17
TSV5,-4.5689E-16,-3.9465E-16,-1.2141E-15,-7.4459E-15,2.5179E-14,-5.8724E-17,0,0,-2.0363E-15,-7.4481E-15,-4.307E-17,0,0,0,-1.2044E-15,-3.1782E-17,-1.4423E-17,0,0,-3.9661E-16,-6.1506E-17,-3.1839E-17,-4.3016E-17,-6.1267E-17,-4.6301E-16
TSV6,-7.4482E-15,-2.266E-15,-8.567E-17,-6.9436E-17,-5.8724E-17,2.761E-14,-5.5213E-15,-9.1532E-17,0,0,-6.953E-15,-1.9283E-15,-4.1084E-17,0,-3.1323E-17,-9.7597E-16,-1.0182E-17,0,0,-6.6012E-18,-3.9377E-16,-6.566E-17,-5.2617E-17,-3.1009E-17,-3.2566E-17
TSV7,-2.0369E-15,-5.5214E-15,-1.9155E-15,-6.3933E-18,0,-5.5213E-15,2.9472E-14,-5.4557E-15,-1.0166E-16,0,-1.9172E-15,-5.4522E-15,-1.8882E-15,-3.3518E-17,0,-7.939E-18,-9.8469E-17,-3.2689E-17,0,0,0,0,0,0,-1.308E-17
TSV8,0,-1.9196E-15,-5.5172E-15,-1.9205E-15,0,-9.1532E-17,-5.4557E-15,2.9502E-14,-5.4567E-15,-9.1712E-17,-7.8443E-17,-1.858E-15,-5.4196E-15,-1.8572E-15,-7.7965E-17,0,-3.2609E-17,-8.4838E-17,-3.1593E-17,0,0,0,0,0,0
TSV9,0,-7.1692E-18,-1.9154E-15,-5.5232E-15,-2.0363E-15,0,-1.0166E-16,-5.4567E-15,2.9472E-14,-5.5223E-15,0,-3.5076E-17,-1.8884E-15,-5.4525E-15,-1.9158E-15,0,0,-3.3802E-17,-9.837E-17,-7.6635E-18,-1.3389E-17,0,0,0,0
TSV10,-5.8418E-17,-6.7399E-17,-8.2759E-17,-2.2647E-15,-7.4481E-15,0,0,-9.1712E-17,-5.5223E-15,2.761E-14,-3.0337E-17,0,-4.194E-17,-1.9294E-15,-6.9514E-15,-6.4179E-18,0,0,-9.5516E-18,-9.7491E-16,-3.2342E-17,-3.1595E-17,-5.3217E-17,-6.4917E-17,-3.9733E-16
TSV11,-1.2037E-15,-9.5507E-17,0,-5.7612E-17,-4.307E-17,-6.953E-15,-1.9172E-15,-7.8443E-17,0,-3.0337E-17,2.7774E-14,-5.5186E-15,-8.4925E-17,0,-5.5705E-17,-6.9588E-15,-1.9134E-15,-7.4098E-17,0,-2.8624E-17,-1.2201E-15,-7.9115E-17,0,-5.6071E-17,-2.3612E-17
TSV12,0,-8.4748E-17,-7.9756E-17,0,0,-1.9283E-15,-5.4522E-15,-1.858E-15,-3.5076E-17,0,-5.5186E-15,2.9514E-14,-5.4078E-15,-7.97E-17,0,-1.9242E-15,-5.4612E-15,-1.8617E-15,-2.9356E-17,0,0,-8.9224E-17,-8.3469E-17,0,0
TSV13,0,-3.869E-17,-8.4395E-17,-3.8453E-17,0,-4.1084E-17,-1.8882E-15,-5.4196E-15,-1.8884E-15,-4.194E-17,-8.4925E-17,-5.4078E-15,2.9553E-14,-5.4078E-15,-8.4895E-17,-4.1213E-17,-1.891E-15,-5.4152E-15,-1.8906E-15,-3.9908E-17,0,-4.073E-17,-8.667E-17,-4.0469E-17,0
TSV14,0,0,-7.9429E-17,-8.4414E-17,0,0,-3.3518E-17,-1.8572E-15,-5.4525E-15,-1.9294E-15,0,-7.97E-17,-5.4078E-15,2.9514E-14,-5.5184E-15,0,-3.0979E-17,-1.8624E-15,-5.4601E-15,-1.9207E-15,0,0,-8.3229E-17,-8.7226E-17,0
TSV15,-4.2851E-17,-5.6849E-17,0,-9.6518E-17,-1.2044E-15,-3.1323E-17,0,-7.7965E-17,-1.9158E-15,-6.9514E-15,-5.5705E-17,0,-8.4895E-17,-5.5184E-15,2.7775E-14,-2.7771E-17,0,-7.426E-17,-1.9128E-15,-6.9516E-15,-2.2579E-17,-5.6236E-17,0,-7.2681E-17,-1.2273E-15
TSV16,-3.982E-16,-6.4536E-17,-5.373E-17,-3.1453E-17,-3.1782E-17,-9.7597E-16,-7.939E-18,0,0,-6.4179E-18,-6.9588E-15,-1.9242E-15,-4.1213E-17,0,-2.7771E-17,2.7614E-14,-5.5228E-15,-9.2566E-17,0,0,-7.445E-15,-2.2681E-15,-8.411E-17,-6.7814E-17,-6.0002E-17
TSV17,0,0,0,0,-1.4423E-17,-1.0182E-17,-9.8469E-17,-3.2609E-17,0,0,-1.9134E-15,-5.4612E-15,-1.891E-15,-3.0979E-17,0,-5.5228E-15,2.9471E-14,-5.4566E-15,-1.0121E-16,0,-2.0363E-15,-5.5228E-15,-1.9141E-15,-5.1414E-18,0
TSV18,0,0,0,0,0,0,-3.2689E-17,-8.4838E-17,-3.3802E-17,0,-7.4098E-17,-1.8617E-15,-5.4152E-15,-1.8624E-15,-7.426E-17,-9.2566E-17,-5.4566E-15,2.9501E-14,-5.455E-15,-9.0212E-17,0,-1.9188E-15,-5.5155E-15,-1.9152E-15,0
TSV19,-1.4474E-17,0,0,0,0,0,0,-3.1593E-17,-9.837E-17,-9.5516E-18,0,-2.9356E-17,-1.8906E-15,-5.4601E-15,-1.9128E-15,0,-1.0121E-16,-5.455E-15,2.9475E-14,-5.5125E-15,0,-4.9626E-18,-1.9127E-15,-5.5124E-15,-2.0588E-15
TSV20,-3.1759E-17,-3.0838E-17,-5.3273E-17,-6.3241E-17,-3.9661E-16,-6.6012E-18,0,0,-7.6635E-18,-9.7491E-16,-2.8624E-17,0,-3.9908E-17,-1.9207E-15,-6.9516E-15,0,0,-9.0212E-17,-5.5125E-15,2.7612E-14,-5.8169E-17,-6.7549E-17,-8.0267E-17,-2.2579E-15,-7.5037E-15
TSV21,-4.61E-16,-6.176E-17,-4.4003E-17,-3.1111E-17,-6.1506E-17,-3.9377E-16,0,0,-1.3389E-17,-3.2342E-17,-1.2201E-15,0,0,0,-2.2579E-17,-7.445E-15,-2.0363E-15,0,0,-5.8169E-17,2.5199E-14,-7.453E-15,-1.2175E-15,-3.9536E-16,-4.6037E-16
TSV22,-6.1554E-17,0,-3.2143E-17,-7.2228E-18,-3.1839E-17,-6.566E-17,0,0,0,-3.1595E-17,-7.9115E-17,-8.9224E-17,-4.073E-17,0,-5.6236E-17,-2.2681E-15,-5.5228E-15,-1.9188E-15,-4.9626E-18,-6.7549E-17,-7.453E-15,2.7609E-14,-6.9566E-15,-9.7616E-16,-3.9884E-16
TSV23,-4.3107E-17,-3.2836E-17,-6.313E-17,-3.2924E-17,-4.3016E-17,-5.2617E-17,0,0,0,-5.3217E-17,0,-8.3469E-17,-8.667E-17,-8.3229E-17,0,-8.411E-17,-1.9141E-15,-5.5155E-15,-1.9127E-15,-8.0267E-17,-1.2175E-15,-6.9566E-15,2.7752E-14,-6.9515E-15,-1.2243E-15
TSV24,-3.1565E-17,-7.1841E-18,-3.2197E-17,0,-6.1267E-17,-3.1009E-17,0,0,0,-6.4917E-17,-5.6071E-17,0,-4.0469E-17,-8.7226E-17,-7.2681E-17,-6.7814E-17,-5.1414E-18,-1.9152E-15,-5.5124E-15,-2.2579E-15,-3.9536E-16,-9.7616E-16,-6.9515E-15,2.7609E-14,-7.513E-15
TSV25,-6.208E-17,-3.1919E-17,-4.3867E-17,-6.2186E-17,-4.6301E-16,-3.2566E-17,-1.308E-17,0,0,-3.9733E-16,-2.3612E-17,0,0,0,-1.2273E-15,-6.0002E-17,0,0,-2.0588E-15,-7.5037E-15,-4.6037E-16,-3.9884E-16,-1.2243E-15,-7.513E-15,2.5206E-14

Capacitance Matrix Coupling Coefficient
,TSV1,TSV2,TSV3,TSV4,TSV5,TSV6,TSV7,TSV8,TSV9,TSV10,TSV11,TSV12,TSV13,TSV14,TSV15,TSV16,TSV17,TSV18,TSV19,TSV20,TSV21,TSV22,TSV23,TSV24,TSV25,
TSV1,1,0.28254,0.046019,0.015052,0.018144,0.28246,0.074765,0,0,0.0022153,0.045513,0,0,0,0.0016202,0.0151,0,0,0.00053125,0.0012043,0.018299,0.0023343,0.0016306,0.001197,0.0024639
TSV2,0.28254,1,0.25138,0.035406,0.01497,0.082084,0.19359,0.067267,0.00025136,0.0024414,0.0034494,0.0029692,0.0013547,0,0.0020532,0.0023376,0,0,0,0.001117,0.0023418,0,0.0011864,0.00026024,0.0012101
TSV3,0.046019,0.25138,1,0.25131,0.045929,0.003095,0.066979,0.19282,0.066977,0.0029898,0,0.0027868,0.002947,0.0027754,0,0.001941,0,0,0,0.0019245,0.001664,0.0011612,0.0022748,0.0011632,0.0016586
TSV4,0.015052,0.035406,0.25131,1,0.2824,0.002515,0.00022413,0.067292,0.19362,0.082025,0.0020805,0,0.0013462,0.0029571,0.0034854,0.0011391,0,0,0,0.0022905,0.0011795,0.00026161,0.0011894,0,0.0023573
TSV5,0.018144,0.01497,0.045929,0.2824,1,0.0022272,0,0,0.074751,0.28248,0.0016287,0,0,0,0.045543,0.0012053,0.00052948,0,0,0.015042,0.0024418,0.0012076,0.0016273,0.0023237,0.018379
TSV6,0.28246,0.082084,0.003095,0.002515,0.0022272,1,0.19356,0.0032071,0,0,0.25108,0.067551,0.0014383,0,0.0011311,0.035346,0.00035695,0,0,0.00023908,0.014929,0.0023782,0.0019009,0.0011231,0.0012345
TSV7,0.074765,0.19359,0.066979,0.00022413,0,0.19356,1,0.18502,0.0034494,0,0.067012,0.18486,0.063979,0.0011365,0,0.00027829,0.0033412,0.0011086,0,0,0,0,0,0,0.0004799
TSV8,0,0.067267,0.19282,0.067292,0,0.0032071,0.18502,1,0.18505,0.0032134,0.0027404,0.062966,0.18355,0.062939,0.0027236,0,0.0011059,0.0028757,0.0010714,0,0,0,0,0,0
TSV9,0,0.00025136,0.066977,0.19362,0.074751,0,0.0034494,0.18505,1,0.19359,0,0.0011893,0.063989,0.18487,0.066962,0,0,0.0011464,0.0033376,0.00026864,0.0004913,0,0,0,0
TSV10,0.0022153,0.0024414,0.0029898,0.082025,0.28248,0,0,0.0032134,0.19359,1,0.0010955,0,0.0014682,0.067589,0.25102,0.00023243,0,0,0.00033482,0.035308,0.0012262,0.0011443,0.0019225,0.0023512,0.015061
TSV11,0.045513,0.0034494,0,0.0020805,0.0016287,0.25108,0.067012,0.0027404,0,0.0010955,1,0.19275,0.0029643,0,0.0020056,0.25128,0.066878,0.0025886,0,0.0010336,0.046119,0.002857,0,0.0020248,0.00089239
TSV12,0,0.0029692,0.0027868,0,0,0.067551,0.18486,0.062966,0.0011893,0,0.19275,1,0.18311,0.0027004,0,0.067402,0.18517,0.063093,0.0009953,0,0,0.0031256,0.0029165,0,0
TSV13,0,0.0013547,0.002947,0.0013462,0,0.0014383,0.063979,0.18355,0.063989,0.0014682,0.0029643,0.18311,1,0.18311,0.0029632,0.0014427,0.064077,0.1834,0.064057,0.0013971,0,0.0014259,0.0030264,0.0014168,0
TSV14,0,0,0.0027754,0.0029571,0,0,0.0011365,0.062939,0.18487,0.067589,0,0.0027004,0.18311,1,0.19274,0,0.0010504,0.063117,0.18512,0.06728,0,0,0.0029081,0.0030556,0
TSV15,0.0016202,0.0020532,0,0.0034854,0.045543,0.0011311,0,0.0027236,0.066962,0.25102,0.0020056,0,0.0029632,0.19274,1,0.0010028,0,0.0025942,0.066853,0.25102,0.00085345,0.0020308,0,0.0026246,0.046385
TSV16,0.0151,0.0023376,0.001941,0.0011391,0.0012053,0.035346,0.00027829,0,0,0.00023243,0.25128,0.067402,0.0014427,0,0.0010028,1,0.19359,0.0032432,0,0,0.28224,0.082143,0.0030384,0.002456,0.0022743
TSV17,0,0,0,0,0.00052948,0.00035695,0.0033412,0.0011059,0,0,0.066878,0.18517,0.064077,0.0010504,0,0.19359,1,0.18506,0.003434,0,0.074723,0.19361,0.06693,0.00018024,0
TSV18,0,0,0,0,0,0,0.0011086,0.0028757,0.0011464,0,0.0025886,0.063093,0.1834,0.063117,0.0025942,0.0032432,0.18506,1,0.18499,0.0031608,0,0.067235,0.19276,0.067107,0
TSV19,0.00053125,0,0,0,0,0,0,0.0010714,0.0033376,0.00033482,0,0.0009953,0.064057,0.18512,0.066853,0,0.003434,0.18499,1,0.19323,0,0.00017396,0.066876,0.19323,0.075533
TSV20,0.0012043,0.001117,0.0019245,0.0022905,0.015042,0.00023908,0,0,0.00026864,0.035308,0.0010336,0,0.0013971,0.06728,0.25102,0,0,0.0031608,0.19323,1,0.0022052,0.0024465,0.0028996,0.081777,0.28443
TSV21,0.018299,0.0023418,0.001664,0.0011795,0.0024418,0.014929,0,0,0.0004913,0.0012262,0.046119,0,0,0,0.00085345,0.28224,0.074723,0,0,0.0022052,1,0.28256,0.046041,0.014989,0.018267
TSV22,0.0023343,0,0.0011612,0.00026161,0.0012076,0.0023782,0,0,0,0.0011443,0.002857,0.0031256,0.0014259,0,0.0020308,0.082143,0.19361,0.067235,0.00017396,0.0024465,0.28256,1,0.25132,0.035356,0.015119
TSV23,0.0016306,0.0011864,0.0022748,0.0011894,0.0016273,0.0019009,0,0,0,0.0019225,0,0.0029165,0.0030264,0.0029081,0,0.0030384,0.06693,0.19276,0.066876,0.0028996,0.046041,0.25132,1,0.25114,0.046291
TSV24,0.001197,0.00026024,0.0011632,0,0.0023237,0.0011231,0,0,0,0.0023512,0.0020248,0,0.0014168,0.0030556,0.0026246,0.002456,0.00018024,0.067107,0.19323,0.081777,0.014989,0.035356,0.25114,1,0.2848
TSV25,0.0024639,0.0012101,0.0016586,0.0023573,0.018379,0.0012345,0.0004799,0,0,0.015061,0.00089239,0,0,0,0.046385,0.0022743,0,0,0.075533,0.28443,0.018267,0.015119,0.046291,0.2848,1

Spice Capacitance Matrix
,TSV1,TSV2,TSV3,TSV4,TSV5,TSV6,TSV7,TSV8,TSV9,TSV10,TSV11,TSV12,TSV13,TSV14,TSV15,TSV16,TSV17,TSV18,TSV19,TSV20,TSV21,TSV22,TSV23,TSV24,TSV25,
TSV1,3.7714E-15,7.4494E-15,1.2166E-15,3.9691E-16,4.5689E-16,7.4482E-15,2.0369E-15,-0,-0,5.8418E-17,1.2037E-15,-0,-0,-0,4.2851E-17,3.982E-16,-0,-0,1.4474E-17,3.1759E-17,4.61E-16,6.1554E-17,4.3107E-17,3.1565E-17,6.208E-17
TSV2,7.4494E-15,1.5372E-15,6.9574E-15,9.774E-16,3.9465E-16,2.266E-15,5.5214E-15,1.9196E-15,7.1692E-18,6.7399E-17,9.5507E-17,8.4748E-17,3.869E-17,-0,5.6849E-17,6.4536E-17,-0,-0,-0,3.0838E-17,6.176E-17,-0,3.2836E-17,7.1841E-18,3.1919E-17
TSV3,1.2166E-15,6.9574E-15,1.3241E-15,6.9563E-15,1.2141E-15,8.567E-17,1.9155E-15,5.5172E-15,1.9154E-15,8.2759E-17,-0,7.9756E-17,8.4395E-17,7.9429E-17,-0,5.373E-17,-0,-0,-0,5.3273E-17,4.4003E-17,3.2143E-17,6.313E-17,3.2197E-17,4.3867E-17
TSV4,3.9691E-16,9.774E-16,6.9563E-15,1.5433E-15,7.4459E-15,6.9436E-17,6.3933E-18,1.9205E-15,5.5232E-15,2.2647E-15,5.7612E-17,-0,3.8453E-17,8.4414E-17,9.6518E-17,3.1453E-17,-0,-0,-0,6.3241E-17,3.1111E-17,7.2228E-18,3.2924E-17,-0,6.2186E-17
TSV5,4.5689E-16,3.9465E-16,1.2141E-15,7.4459E-15,3.7737E-15,5.8724E-17,-0,-0,2.0363E-15,7.4481E-15,4.307E-17,-0,-0,-0,1.2044E-15,3.1782E-17,1.4423E-17,-0,-0,3.9661E-16,6.1506E-17,3.1839E-17,4.3016E-17,6.1267E-17,4.6301E-16
TSV6,7.4482E-15,2.266E-15,8.567E-17,6.9436E-17,5.8724E-17,1.5467E-15,5.5213E-15,9.1532E-17,-0,-0,6.953E-15,1.9283E-15,4.1084E-17,-0,3.1323E-17,9.7597E-16,1.0182E-17,-0,-0,6.6012E-18,3.9377E-16,6.566E-17,5.2617E-17,3.1009E-17,3.2566E-17
TSV7,2.0369E-15,5.5214E-15,1.9155E-15,6.3933E-18,-0,5.5213E-15,-5.3047E-16,5.4557E-15,1.0166E-16,-0,1.9172E-15,5.4522E-15,1.8882E-15,3.3518E-17,-0,7.939E-18,9.8469E-17,3.2689E-17,-0,-0,-0,-0,-0,-0,1.308E-17
TSV8,-0,1.9196E-15,5.5172E-15,1.9205E-15,-0,9.1532E-17,5.4557E-15,-3.9081E-16,5.4567E-15,9.1712E-17,7.8443E-17,1.858E-15,5.4196E-15,1.8572E-15,7.7965E-17,-0,3.2609E-17,8.4838E-17,3.1593E-17,-0,-0,-0,-0,-0,-0
TSV9,-0,7.1692E-18,1.9154E-15,5.5232E-15,2.0363E-15,-0,1.0166E-16,5.4567E-15,-5.3582E-16,5.5223E-15,-0,3.5076E-17,1.8884E-15,5.4525E-15,1.9158E-15,-0,-0,3.3802E-17,9.837E-17,7.6635E-18,1.3389E-17,-0,-0,-0,-0
TSV10,5.8418E-17,6.7399E-17,8.2759E-17,2.2647E-15,7.4481E-15,-0,-0,9.1712E-17,5.5223E-15,1.5516E-15,3.0337E-17,-0,4.194E-17,1.9294E-15,6.9514E-15,6.4179E-18,-0,-0,9.5516E-18,9.7491E-16,3.2342E-17,3.1595E-17,5.3217E-17,6.4917E-17,3.9733E-16
TSV11,1.2037E-15,9.5507E-17,-0,5.7612E-17,4.307E-17,6.953E-15,1.9172E-15,7.8443E-17,-0,3.0337E-17,1.3821E-15,5.5186E-15,8.4925E-17,-0,5.5705E-17,6.9588E-15,1.9134E-15,7.4098E-17,-0,2.8624E-17,1.2201E-15,7.9115E-17,-0,5.6071E-17,2.3612E-17
TSV12,-0,8.4748E-17,7.9756E-17,-0,-0,1.9283E-15,5.4522E-15,1.858E-15,3.5076E-17,-0,5.5186E-15,-3.7884E-16,5.4078E-15,7.97E-17,-0,1.9242E-15,5.4612E-15,1.8617E-15,2.9356E-17,-0,-0,8.9224E-17,8.3469E-17,-0,-0
TSV13,-0,3.869E-17,8.4395E-17,3.8453E-17,-0,4.1084E-17,1.8882E-15,5.4196E-15,1.8884E-15,4.194E-17,8.4925E-17,5.4078E-15,-3.1944E-16,5.4078E-15,8.4895E-17,4.1213E-17,1.891E-15,5.4152E-15,1.8906E-15,3.9908E-17,-0,4.073E-17,8.667E-17,4.0469E-17,-0
TSV14,-0,-0,7.9429E-17,8.4414E-17,-0,-0,3.3518E-17,1.8572E-15,5.4525E-15,1.9294E-15,-0,7.97E-17,5.4078E-15,-3.726E-16,5.5184E-15,-0,3.0979E-17,1.8624E-15,5.4601E-15,1.9207E-15,-0,-0,8.3229E-17,8.7226E-17,-0
TSV15,4.2851E-17,5.6849E-17,-0,9.6518E-17,1.2044E-15,3.1323E-17,-0,7.7965E-17,1.9158E-15,6.9514E-15,5.5705E-17,-0,8.4895E-17,5.5184E-15,1.3937E-15,2.7771E-17,-0,7.426E-17,1.9128E-15,6.9516E-15,2.2579E-17,5.6236E-17,-0,7.2681E-17,1.2273E-15
TSV16,3.982E-16,6.4536E-17,5.373E-17,3.1453E-17,3.1782E-17,9.7597E-16,7.939E-18,-0,-0,6.4179E-18,6.9588E-15,1.9242E-15,4.1213E-17,-0,2.7771E-17,1.5513E-15,5.5228E-15,9.2566E-17,-0,-0,7.445E-15,2.2681E-15,8.411E-17,6.7814E-17,6.0002E-17
TSV17,-0,-0,-0,-0,1.4423E-17,1.0182E-17,9.8469E-17,3.2609E-17,-0,-0,1.9134E-15,5.4612E-15,1.891E-15,3.0979E-17,-0,5.5228E-15,-5.3987E-16,5.4566E-15,1.0121E-16,-0,2.0363E-15,5.5228E-15,1.9141E-15,5.1414E-18,-0
TSV18,-0,-0,-0,-0,-0,-0,3.2689E-17,8.4838E-17,3.3802E-17,-0,7.4098E-17,1.8617E-15,5.4152E-15,1.8624E-15,7.426E-17,9.2566E-17,5.4566E-15,-3.819E-16,5.455E-15,9.0212E-17,-0,1.9188E-15,5.5155E-15,1.9152E-15,-0
TSV19,1.4474E-17,-0,-0,-0,-0,-0,-0,3.1593E-17,9.837E-17,9.5516E-18,-0,2.9356E-17,1.8906E-15,5.4601E-15,1.9128E-15,-0,1.0121E-16,5.455E-15,-5.2914E-16,5.5125E-15,-0,4.9626E-18,1.9127E-15,5.5124E-15,2.0588E-15
TSV20,3.1759E-17,3.0838E-17,5.3273E-17,6.3241E-17,3.9661E-16,6.6012E-18,-0,-0,7.6635E-18,9.7491E-16,2.8624E-17,-0,3.9908E-17,1.9207E-15,6.9516E-15,-0,-0,9.0212E-17,5.5125E-15,1.5361E-15,5.8169E-17,6.7549E-17,8.0267E-17,2.2579E-15,7.5037E-15
TSV21,4.61E-16,6.176E-17,4.4003E-17,3.1111E-17,6.1506E-17,3.9377E-16,-0,-0,1.3389E-17,3.2342E-17,1.2201E-15,-0,-0,-0,2.2579E-17,7.445E-15,2.0363E-15,-0,-0,5.8169E-17,3.7915E-15,7.453E-15,1.2175E-15,3.9536E-16,4.6037E-16
TSV22,6.1554E-17,-0,3.2143E-17,7.2228E-18,3.1839E-17,6.566E-17,-0,-0,-0,3.1595E-17,7.9115E-17,8.9224E-17,4.073E-17,-0,5.6236E-17,2.2681E-15,5.5228E-15,1.9188E-15,4.9626E-18,6.7549E-17,7.453E-15,1.5469E-15,6.9566E-15,9.7616E-16,3.9884E-16
TSV23,4.3107E-17,3.2836E-17,6.313E-17,3.2924E-17,4.3016E-17,5.2617E-17,-0,-0,-0,5.3217E-17,-0,8.3469E-17,8.667E-17,8.3229E-17,-0,8.411E-17,1.9141E-15,5.5155E-15,1.9127E-15,8.0267E-17,1.2175E-15,6.9566E-15,1.3209E-15,6.9515E-15,1.2243E-15
TSV24,3.1565E-17,7.1841E-18,3.2197E-17,-0,6.1267E-17,3.1009E-17,-0,-0,-0,6.4917E-17,5.6071E-17,-0,4.0469E-17,8.7226E-17,7.2681E-17,6.7814E-17,5.1414E-18,1.9152E-15,5.5124E-15,2.2579E-15,3.9536E-16,9.7616E-16,6.9515E-15,1.53E-15,7.513E-15
TSV25,6.208E-17,3.1919E-17,4.3867E-17,6.2186E-17,4.6301E-16,3.2566E-17,1.308E-17,-0,-0,3.9733E-16,2.3612E-17,-0,-0,-0,1.2273E-15,6.0002E-17,-0,-0,2.0588E-15,7.5037E-15,4.6037E-16,3.9884E-16,1.2243E-15,7.513E-15,3.6301E-15

Conductance Matrix
,TSV1,TSV2,TSV3,TSV4,TSV5,TSV6,TSV7,TSV8,TSV9,TSV10,TSV11,TSV12,TSV13,TSV14,TSV15,TSV16,TSV17,TSV18,TSV19,TSV20,TSV21,TSV22,TSV23,TSV24,TSV25,
TSV1,0.47207,-0.036183,-0.039889,-0.015394,-0.015178,-0.036006,-0.051514,-0.013464,-0.0022057,-0.0053243,-0.039565,-0.013868,-0.0015025,0.00042141,-0.0013326,-0.015481,-0.0020993,0.00041345,-0.00031587,-0.0017552,-0.015222,-0.0054295,-0.0013499,-0.0017606,-0.0025143
TSV2,-0.036183,0.43545,-0.028726,-0.032978,-0.015395,-0.054236,-0.035711,-0.041956,-0.013286,-0.0074748,-0.017287,-0.017432,-0.010594,-0.002499,-0.0042045,-0.0074226,-0.0020612,-0.0008896,-5.6316E-05,-0.0025384,-0.0053971,0.0010461,-8.7556E-05,-0.00020792,-0.0017416
TSV3,-0.039889,-0.028726,0.43911,-0.028679,-0.039949,-0.0169,-0.041992,-0.033755,-0.041876,-0.016916,-0.0019291,-0.012178,-0.016613,-0.012211,-0.0019756,-0.0040689,-0.0010461,-0.0007683,-0.001035,-0.0040479,-0.0013702,-7.435E-05,-0.0037277,-7.1211E-05,-0.0013505
TSV4,-0.015394,-0.032978,-0.028679,0.43565,-0.036046,-0.0075058,-0.013277,-0.042045,-0.035687,-0.05418,-0.0042189,-0.002455,-0.010634,-0.017413,-0.017348,-0.0025509,-6.9573E-05,-0.00087382,-0.0020327,-0.0073897,-0.0017231,-0.00019399,-0.0001023,0.0010161,-0.0054221
TSV5,-0.015178,-0.015395,-0.039949,-0.036046,0.4725,-0.0053215,-0.0021857,-0.013389,-0.051446,-0.036097,-0.0012967,0.00045344,-0.0015376,-0.013765,-0.039573,-0.001743,-0.00031363,0.00045012,-0.0020759,-0.015568,-0.0025374,-0.0017444,-0.0013927,-0.0055208,-0.015273
TSV6,-0.036006,-0.054236,-0.0169,-0.0075058,-0.0053215,0.43634,-0.035494,-0.017396,-0.0020508,0.00088918,-0.028518,-0.042428,-0.010646,-0.00082135,-0.00013684,-0.033193,-0.013466,-0.0025991,-4.8221E-05,-0.00020344,-0.015469,-0.0074599,-0.0040581,-0.0025536,-0.0017324
TSV7,-0.051514,-0.035711,-0.041992,-0.013277,-0.0021857,-0.035494,0.41553,-0.029375,-0.016549,-0.002034,-0.042358,-0.029855,-0.038774,-0.0096198,-0.0010363,-0.013422,-0.016711,-0.0097372,-0.0019195,-4.6065E-05,-0.0020739,-0.0020676,-0.0010547,-6.2801E-05,-0.00030262
TSV8,-0.013464,-0.041956,-0.033755,-0.042045,-0.013389,-0.017396,-0.029375,0.41757,-0.029342,-0.017406,-0.01212,-0.037941,-0.028451,-0.037987,-0.012103,-0.0025883,-0.0097024,-0.014574,-0.0096972,-0.0025868,0.0004068,-0.00087323,-0.00076872,-0.00087976,0.00039742
TSV9,-0.0022057,-0.013286,-0.041876,-0.035687,-0.051446,-0.0020508,-0.016549,-0.029342,0.41571,-0.035481,-0.0010637,-0.0096432,-0.038736,-0.029892,-0.042259,-6.1224E-05,-0.0019314,-0.0097349,-0.016701,-0.013425,-0.00030113,-6.4092E-05,-0.0010591,-0.0020787,-0.002079
TSV10,-0.0053243,-0.0074748,-0.016916,-0.05418,-0.036097,0.00088918,-0.002034,-0.017406,-0.035481,0.43626,-0.00010788,-0.00080906,-0.010741,-0.042495,-0.028458,-0.00018141,-5.8491E-05,-0.0025954,-0.013454,-0.033249,-0.001736,-0.0025693,-0.0041002,-0.007539,-0.015399
TSV11,-0.039565,-0.017287,-0.0019291,-0.0042189,-0.0012967,-0.028518,-0.042358,-0.01212,-0.0010637,-0.00010788,0.43983,-0.033782,-0.016447,-0.00080576,-0.0034482,-0.028673,-0.041992,-0.011802,-0.00086924,-9.4381E-05,-0.040075,-0.016695,-0.0017664,-0.0041202,-0.0015079
TSV12,-0.013868,-0.017432,-0.012178,-0.002455,0.00045344,-0.042428,-0.029855,-0.037941,-0.0096432,-0.00080906,-0.033782,0.41611,-0.02813,-0.014209,-0.00080578,-0.042166,-0.029911,-0.038117,-0.0096172,-0.001005,-0.013075,-0.017396,-0.012301,-0.0026093,0.00036219
TSV13,-0.0015025,-0.010594,-0.016613,-0.010634,-0.0015376,-0.010646,-0.038774,-0.028451,-0.038736,-0.010741,-0.016447,-0.02813,0.41735,-0.028131,-0.016445,-0.010653,-0.038799,-0.028291,-0.03885,-0.010559,-0.0012575,-0.010727,-0.016742,-0.010691,-0.0012208
TSV14,0.00042141,-0.002499,-0.012211,-0.017413,-0.013765,-0.00082135,-0.0096198,-0.037987,-0.029892,-0.042495,-0.00080576,-0.014209,-0.028131,0.41612,-0.033781,-0.00099409,-0.0096372,-0.038048,-0.029863,-0.042083,0.00038789,-0.0025552,-0.012259,-0.017419,-0.013197
TSV15,-0.0013326,-0.0042045,-0.0019756,-0.017348,-0.039573,-0.00013684,-0.0010363,-0.012103,-0.042259,-0.028458,-0.0034482,-0.00080578,-0.016445,-0.033781,0.4398,-6.9057E-05,-0.00089157,-0.011804,-0.042112,-0.028878,-0.0015036,-0.0041333,-0.0017246,-0.016768,-0.040227
TSV16,-0.015481,-0.0074226,-0.0040689,-0.0025509,-0.001743,-0.033193,-0.013422,-0.0025883,-6.1224E-05,-0.00018141,-0.028673,-0.042166,-0.010653,-0.00099409,-6.9057E-05,0.43629,-0.035562,-0.017495,-0.0020632,0.00086349,-0.036113,-0.054277,-0.01694,-0.0075012,-0.0053606
TSV17,-0.0020993,-0.0020612,-0.0010461,-6.9573E-05,-0.00031363,-0.013466,-0.016711,-0.0097024,-0.0019314,-5.8491E-05,-0.041992,-0.029911,-0.038799,-0.0096372,-0.00089157,-0.035562,0.41559,-0.029421,-0.016592,-0.0020711,-0.051492,-0.035748,-0.041922,-0.013299,-0.0021822
TSV18,0.00041345,-0.0008896,-0.0007683,-0.00087382,0.00045012,-0.0025991,-0.0097372,-0.014574,-0.0097349,-0.0025954,-0.011802,-0.038117,-0.028291,-0.038048,-0.011804,-0.017495,-0.029421,0.41749,-0.029433,-0.017469,-0.013463,-0.042057,-0.033745,-0.041964,-0.01351
TSV19,-0.00031587,-5.6316E-05,-0.001035,-0.0020327,-0.0020759,-4.8221E-05,-0.0019195,-0.0096972,-0.016701,-0.013454,-0.00086924,-0.0096172,-0.03885,-0.029863,-0.042112,-0.0020632,-0.016592,-0.029433,0.41531,-0.035979,-0.0021826,-0.013284,-0.042023,-0.036233,-0.051663
TSV20,-0.0017552,-0.0025384,-0.0040479,-0.0073897,-0.015568,-0.00020344,-4.6065E-05,-0.0025868,-0.013425,-0.033249,-9.4381E-05,-0.001005,-0.010559,-0.042083,-0.028878,0.00086349,-0.0020711,-0.017469,-0.035979,0.43437,-0.0053828,-0.0075427,-0.017063,-0.055765,-0.035994
TSV21,-0.015222,-0.0053971,-0.0013702,-0.0017231,-0.0025374,-0.015469,-0.0020739,0.0004068,-0.00030113,-0.001736,-0.040075,-0.013075,-0.0012575,0.00038789,-0.0015036,-0.036113,-0.051492,-0.013463,-0.0021826,-0.0053828,0.47226,-0.036248,-0.039979,-0.015508,-0.015296
TSV22,-0.0054295,0.0010461,-7.435E-05,-0.00019399,-0.0017444,-0.0074599,-0.0020676,-0.00087323,-6.4092E-05,-0.0025693,-0.016695,-0.017396,-0.010727,-0.0025552,-0.0041333,-0.054277,-0.035748,-0.042057,-0.013284,-0.0075427,-0.036248,0.43561,-0.028722,-0.033083,-0.015356
TSV23,-0.0013499,-8.7556E-05,-0.0037277,-0.0001023,-0.0013927,-0.0040581,-0.0010547,-0.00076872,-0.0010591,-0.0041002,-0.0017664,-0.012301,-0.016742,-0.012259,-0.0017246,-0.01694,-0.041922,-0.033745,-0.042023,-0.017063,-0.039979,-0.028722,0.4391,-0.028958,-0.040106
TSV24,-0.0017606,-0.00020792,-7.1211E-05,0.0010161,-0.0055208,-0.0025536,-6.2801E-05,-0.00087976,-0.0020787,-0.007539,-0.0041202,-0.0026093,-0.010691,-0.017419,-0.016768,-0.0075012,-0.013299,-0.041964,-0.036233,-0.055765,-0.015508,-0.033083,-0.028958,0.4334,-0.036518
TSV25,-0.0025143,-0.0017416,-0.0013505,-0.0054221,-0.015273,-0.0017324,-0.00030262,0.00039742,-0.002079,-0.015399,-0.0015079,0.00036219,-0.0012208,-0.013197,-0.040227,-0.0053606,-0.0021822,-0.01351,-0.051663,-0.035994,-0.015296,-0.015356,-0.040106,-0.036518,0.49481

Conductance Matrix Coupling Coefficient
,TSV1,TSV2,TSV3,TSV4,TSV5,TSV6,TSV7,TSV8,TSV9,TSV10,TSV11,TSV12,TSV13,TSV14,TSV15,TSV16,TSV17,TSV18,TSV19,TSV20,TSV21,TSV22,TSV23,TSV24,TSV25,
TSV1,1,0.079806,0.087614,0.033946,0.032138,0.079334,0.11631,0.030326,0.004979,0.011733,0.086831,0.03129,0.0033849,0.00095082,0.0029246,0.034113,0.0047396,0.00093133,0.00071338,0.0038761,0.032238,0.011973,0.0029649,0.0038925,0.0052024
TSV2,0.079806,1,0.065692,0.075717,0.03394,0.12443,0.083954,0.098392,0.031228,0.01715,0.039501,0.040952,0.024852,0.0058708,0.0096078,0.01703,0.0048453,0.0020864,0.00013243,0.0058366,0.011901,0.0024019,0.00020024,0.00047861,0.003752
TSV3,0.087614,0.065692,1,0.065571,0.087703,0.038609,0.098305,0.078829,0.098014,0.03865,0.0043896,0.02849,0.038807,0.028566,0.0044955,0.0092961,0.0024488,0.0017944,0.0024237,0.0092685,0.003009,0.00017,0.0084894,0.00016324,0.0028973
TSV4,0.033946,0.075717,0.065571,1,0.079448,0.017215,0.031205,0.09858,0.083858,0.12428,0.009638,0.0057662,0.024939,0.040897,0.039633,0.0058511,0.00016351,0.002049,0.0047788,0.016987,0.0037989,0.0004453,0.00023391,0.0023385,0.011678
TSV5,0.032138,0.03394,0.087703,0.079448,1,0.01172,0.0049328,0.030142,0.11608,0.079506,0.0028444,0.0010226,0.0034625,0.031043,0.086811,0.0038389,0.00070775,0.0010135,0.0046862,0.034364,0.0053715,0.0038451,0.0030576,0.0122,0.031587
TSV6,0.079334,0.12443,0.038609,0.017215,0.01172,1,0.083357,0.040756,0.0048153,0.002038,0.065098,0.099572,0.024948,0.0019276,0.00031238,0.076075,0.031622,0.0060896,0.00011328,0.00046731,0.034076,0.017111,0.0092711,0.0058721,0.0037285
TSV7,0.11631,0.083954,0.098305,0.031205,0.0049328,0.083357,1,0.070519,0.039817,0.0047773,0.099081,0.071798,0.093109,0.023134,0.0024242,0.031523,0.040212,0.023378,0.0046206,0.00010843,0.0046816,0.0048598,0.0024693,0.00014799,0.00066739
TSV8,0.030326,0.098392,0.078829,0.09858,0.030142,0.040756,0.070519,1,0.070425,0.040782,0.028282,0.091021,0.068154,0.09113,0.028243,0.0060642,0.023291,0.034906,0.023286,0.0060739,0.00091607,0.0020474,0.0017952,0.002068,0.00087431
TSV9,0.004979,0.031228,0.098014,0.083858,0.11608,0.0048153,0.039817,0.070425,1,0.083316,0.0024877,0.023186,0.092996,0.071871,0.098831,0.00014376,0.0046467,0.023368,0.040193,0.031593,0.00067963,0.00015061,0.002479,0.0048972,0.0045841
TSV10,0.011733,0.01715,0.03865,0.12428,0.079506,0.002038,0.0047773,0.040782,0.083316,1,0.00024628,0.0018989,0.025173,0.099738,0.064968,0.00041583,0.00013737,0.0060815,0.031607,0.07638,0.0038247,0.0058938,0.0093681,0.017338,0.033144
TSV11,0.086831,0.039501,0.0043896,0.009638,0.0028444,0.065098,0.099081,0.028282,0.0024877,0.00024628,1,0.078966,0.038387,0.0018835,0.0078402,0.065456,0.098218,0.027541,0.0020338,0.00021593,0.08793,0.038141,0.0040196,0.009437,0.0032324
TSV12,0.03129,0.040952,0.02849,0.0057662,0.0010226,0.099572,0.071798,0.091021,0.023186,0.0018989,0.078966,1,0.067501,0.034147,0.0018836,0.098961,0.071927,0.091451,0.023134,0.0023639,0.029496,0.040859,0.028779,0.0061444,0.0007982
TSV13,0.0033849,0.024852,0.038807,0.024939,0.0034625,0.024948,0.093109,0.068154,0.092996,0.025173,0.038387,0.067501,1,0.067504,0.038385,0.024966,0.093161,0.067777,0.093314,0.0248,0.0028324,0.025157,0.03911,0.025137,0.0026865
TSV14,0.00095082,0.0058708,0.028566,0.040897,0.031043,0.0019276,0.023134,0.09113,0.071871,0.099738,0.0018835,0.034147,0.067504,1,0.078965,0.0023331,0.023175,0.091285,0.071836,0.098984,0.000875,0.0060016,0.028679,0.041017,0.029084
TSV15,0.0029246,0.0096078,0.0044955,0.039633,0.086811,0.00031238,0.0024242,0.028243,0.098831,0.064968,0.0078402,0.0018836,0.038385,0.078965,1,0.00015765,0.0020854,0.027548,0.098534,0.066071,0.0032993,0.0094432,0.0039245,0.038407,0.086232
TSV16,0.034113,0.01703,0.0092961,0.0058511,0.0038389,0.076075,0.031523,0.0060642,0.00014376,0.00041583,0.065456,0.098961,0.024966,0.0023331,0.00015765,1,0.083516,0.040993,0.004847,0.0019835,0.079558,0.1245,0.038704,0.01725,0.011537
TSV17,0.0047396,0.0048453,0.0024488,0.00016351,0.00070775,0.031622,0.040212,0.023291,0.0046467,0.00013737,0.098218,0.071927,0.093161,0.023175,0.0020854,0.083516,1,0.070633,0.039937,0.0048746,0.11623,0.084017,0.098135,0.031336,0.0048122
TSV18,0.00093133,0.0020864,0.0017944,0.002049,0.0010135,0.0060896,0.023378,0.034906,0.023368,0.0060815,0.027541,0.091451,0.067777,0.091285,0.027548,0.040993,0.070633,1,0.070685,0.041022,0.030319,0.098621,0.078815,0.098654,0.029725
TSV19,0.00071338,0.00013243,0.0024237,0.0047788,0.0046862,0.00011328,0.0046206,0.023286,0.040193,0.031607,0.0020338,0.023134,0.093314,0.071836,0.098534,0.004847,0.039937,0.070685,1,0.084709,0.0049282,0.031231,0.098406,0.085403,0.11397
TSV20,0.0038761,0.0058366,0.0092685,0.016987,0.034364,0.00046731,0.00010843,0.0060739,0.031593,0.07638,0.00021593,0.0023639,0.0248,0.098984,0.066071,0.0019835,0.0048746,0.041022,0.084709,1,0.011885,0.01734,0.039069,0.12852,0.077639
TSV21,0.032238,0.011901,0.003009,0.0037989,0.0053715,0.034076,0.0046816,0.00091607,0.00067963,0.0038247,0.08793,0.029496,0.0028324,0.000875,0.0032993,0.079558,0.11623,0.030319,0.0049282,0.011885,1,0.079919,0.087794,0.034278,0.031643
TSV22,0.011973,0.0024019,0.00017,0.0004453,0.0038451,0.017111,0.0048598,0.0020474,0.00015061,0.0058938,0.038141,0.040859,0.025157,0.0060016,0.0094432,0.1245,0.084017,0.098621,0.031231,0.01734,0.079919,1,0.065673,0.07614,0.033075
TSV23,0.0029649,0.00020024,0.0084894,0.00023391,0.0030576,0.0092711,0.0024693,0.0017952,0.002479,0.0093681,0.0040196,0.028779,0.03911,0.028679,0.0039245,0.038704,0.098135,0.078815,0.098406,0.039069,0.087794,0.065673,1,0.066381,0.086043
TSV24,0.0038925,0.00047861,0.00016324,0.0023385,0.0122,0.0058721,0.00014799,0.002068,0.0048972,0.017338,0.009437,0.0061444,0.025137,0.041017,0.038407,0.01725,0.031336,0.098654,0.085403,0.12852,0.034278,0.07614,0.066381,1,0.078857
TSV25,0.0052024,0.003752,0.0028973,0.011678,0.031587,0.0037285,0.00066739,0.00087431,0.0045841,0.033144,0.0032324,0.0007982,0.0026865,0.029084,0.086232,0.011537,0.0048122,0.029725,0.11397,0.077639,0.031643,0.033075,0.086043,0.078857,1

Spice Conductance Matrix
,TSV1,TSV2,TSV3,TSV4,TSV5,TSV6,TSV7,TSV8,TSV9,TSV10,TSV11,TSV12,TSV13,TSV14,TSV15,TSV16,TSV17,TSV18,TSV19,TSV20,TSV21,TSV22,TSV23,TSV24,TSV25,
TSV1,0.15555,0.036183,0.039889,0.015394,0.015178,0.036006,0.051514,0.013464,0.0022057,0.0053243,0.039565,0.013868,0.0015025,-0.00042141,0.0013326,0.015481,0.0020993,-0.00041345,0.00031587,0.0017552,0.015222,0.0054295,0.0013499,0.0017606,0.0025143
TSV2,0.036183,0.098125,0.028726,0.032978,0.015395,0.054236,0.035711,0.041956,0.013286,0.0074748,0.017287,0.017432,0.010594,0.002499,0.0042045,0.0074226,0.0020612,0.0008896,5.6316E-05,0.0025384,0.0053971,-0.0010461,8.7556E-05,0.00020792,0.0017416
TSV3,0.039889,0.028726,0.087959,0.028679,0.039949,0.0169,0.041992,0.033755,0.041876,0.016916,0.0019291,0.012178,0.016613,0.012211,0.0019756,0.0040689,0.0010461,0.0007683,0.001035,0.0040479,0.0013702,7.435E-05,0.0037277,7.1211E-05,0.0013505
TSV4,0.015394,0.032978,0.028679,0.098445,0.036046,0.0075058,0.013277,0.042045,0.035687,0.05418,0.0042189,0.002455,0.010634,0.017413,0.017348,0.0025509,6.9573E-05,0.00087382,0.0020327,0.0073897,0.0017231,0.00019399,0.0001023,-0.0010161,0.0054221
TSV5,0.015178,0.015395,0.039949,0.036046,0.15605,0.0053215,0.0021857,0.013389,0.051446,0.036097,0.0012967,-0.00045344,0.0015376,0.013765,0.039573,0.001743,0.00031363,-0.00045012,0.0020759,0.015568,0.0025374,0.0017444,0.0013927,0.0055208,0.015273
TSV6,0.036006,0.054236,0.0169,0.0075058,0.0053215,0.098981,0.035494,0.017396,0.0020508,-0.00088918,0.028518,0.042428,0.010646,0.00082135,0.00013684,0.033193,0.013466,0.0025991,4.8221E-05,0.00020344,0.015469,0.0074599,0.0040581,0.0025536,0.0017324
TSV7,0.051514,0.035711,0.041992,0.013277,0.0021857,0.035494,0.018359,0.029375,0.016549,0.002034,0.042358,0.029855,0.038774,0.0096198,0.0010363,0.013422,0.016711,0.0097372,0.0019195,4.6065E-05,0.0020739,0.0020676,0.0010547,6.2801E-05,0.00030262
TSV8,0.013464,0.041956,0.033755,0.042045,0.013389,0.017396,0.029375,0.0099701,0.029342,0.017406,0.01212,0.037941,0.028451,0.037987,0.012103,0.0025883,0.0097024,0.014574,0.0096972,0.0025868,-0.0004068,0.00087323,0.00076872,0.00087976,-0.00039742
TSV9,0.0022057,0.013286,0.041876,0.035687,0.051446,0.0020508,0.016549,0.029342,0.018756,0.035481,0.0010637,0.0096432,0.038736,0.029892,0.042259,6.1224E-05,0.0019314,0.0097349,0.016701,0.013425,0.00030113,6.4092E-05,0.0010591,0.0020787,0.002079
TSV10,0.0053243,0.0074748,0.016916,0.05418,0.036097,-0.00088918,0.002034,0.017406,0.035481,0.098741,0.00010788,0.00080906,0.010741,0.042495,0.028458,0.00018141,5.8491E-05,0.0025954,0.013454,0.033249,0.001736,0.0025693,0.0041002,0.007539,0.015399
TSV11,0.039565,0.017287,0.0019291,0.0042189,0.0012967,0.028518,0.042358,0.01212,0.0010637,0.00010788,0.089284,0.033782,0.016447,0.00080576,0.0034482,0.028673,0.041992,0.011802,0.00086924,9.4381E-05,0.040075,0.016695,0.0017664,0.0041202,0.0015079
TSV12,0.013868,0.017432,0.012178,0.002455,-0.00045344,0.042428,0.029855,0.037941,0.0096432,0.00080906,0.033782,0.0071938,0.02813,0.014209,0.00080578,0.042166,0.029911,0.038117,0.0096172,0.001005,0.013075,0.017396,0.012301,0.0026093,-0.00036219
TSV13,0.0015025,0.010594,0.016613,0.010634,0.0015376,0.010646,0.038774,0.028451,0.038736,0.010741,0.016447,0.02813,-0.0078226,0.028131,0.016445,0.010653,0.038799,0.028291,0.03885,0.010559,0.0012575,0.010727,0.016742,0.010691,0.0012208
TSV14,-0.00042141,0.002499,0.012211,0.017413,0.013765,0.00082135,0.0096198,0.037987,0.029892,0.042495,0.00080576,0.014209,0.028131,0.0072417,0.033781,0.00099409,0.0096372,0.038048,0.029863,0.042083,-0.00038789,0.0025552,0.012259,0.017419,0.013197
TSV15,0.0013326,0.0042045,0.0019756,0.017348,0.039573,0.00013684,0.0010363,0.012103,0.042259,0.028458,0.0034482,0.00080578,0.016445,0.033781,0.088781,6.9057E-05,0.00089157,0.011804,0.042112,0.028878,0.0015036,0.0041333,0.0017246,0.016768,0.040227
TSV16,0.015481,0.0074226,0.0040689,0.0025509,0.001743,0.033193,0.013422,0.0025883,6.1224E-05,0.00018141,0.028673,0.042166,0.010653,0.00099409,6.9057E-05,0.098571,0.035562,0.017495,0.0020632,-0.00086349,0.036113,0.054277,0.01694,0.0075012,0.0053606
TSV17,0.0020993,0.0020612,0.0010461,6.9573E-05,0.00031363,0.013466,0.016711,0.0097024,0.0019314,5.8491E-05,0.041992,0.029911,0.038799,0.0096372,0.00089157,0.035562,0.018614,0.029421,0.016592,0.0020711,0.051492,0.035748,0.041922,0.013299,0.0021822
TSV18,-0.00041345,0.0008896,0.0007683,0.00087382,-0.00045012,0.0025991,0.0097372,0.014574,0.0097349,0.0025954,0.011802,0.038117,0.028291,0.038048,0.011804,0.017495,0.029421,0.0099586,0.029433,0.017469,0.013463,0.042057,0.033745,0.041964,0.01351
TSV19,0.00031587,5.6316E-05,0.001035,0.0020327,0.0020759,4.8221E-05,0.0019195,0.0096972,0.016701,0.013454,0.00086924,0.0096172,0.03885,0.029863,0.042112,0.0020632,0.016592,0.029433,0.017214,0.035979,0.0021826,0.013284,0.042023,0.036233,0.051663
TSV20,0.0017552,0.0025384,0.0040479,0.0073897,0.015568,0.00020344,4.6065E-05,0.0025868,0.013425,0.033249,9.4381E-05,0.001005,0.010559,0.042083,0.028878,-0.00086349,0.0020711,0.017469,0.035979,0.094541,0.0053828,0.0075427,0.017063,0.055765,0.035994
TSV21,0.015222,0.0053971,0.0013702,0.0017231,0.0025374,0.015469,0.0020739,-0.0004068,0.00030113,0.001736,0.040075,0.013075,0.0012575,-0.00038789,0.0015036,0.036113,0.051492,0.013463,0.0021826,0.0053828,0.15565,0.036248,0.039979,0.015508,0.015296
TSV22,0.0054295,-0.0010461,7.435E-05,0.00019399,0.0017444,0.0074599,0.0020676,0.00087323,6.4092E-05,0.0025693,0.016695,0.017396,0.010727,0.0025552,0.0041333,0.054277,0.035748,0.042057,0.013284,0.0075427,0.036248,0.098357,0.028722,0.033083,0.015356
TSV23,0.0013499,8.7556E-05,0.0037277,0.0001023,0.0013927,0.0040581,0.0010547,0.00076872,0.0010591,0.0041002,0.0017664,0.012301,0.016742,0.012259,0.0017246,0.01694,0.041922,0.033745,0.042023,0.017063,0.039979,0.028722,0.087141,0.028958,0.040106
TSV24,0.0017606,0.00020792,7.1211E-05,-0.0010161,0.0055208,0.0025536,6.2801E-05,0.00087976,0.0020787,0.007539,0.0041202,0.0026093,0.010691,0.017419,0.016768,0.0075012,0.013299,0.041964,0.036233,0.055765,0.015508,0.033083,0.028958,0.093306,0.036518
TSV25,0.0025143,0.0017416,0.0013505,0.0054221,0.015273,0.0017324,0.00030262,-0.00039742,0.002079,0.015399,0.0015079,-0.00036219,0.0012208,0.013197,0.040227,0.0053606,0.0021822,0.01351,0.051663,0.035994,0.015296,0.015356,0.040106,0.036518,0.17761

