Design Variation:  d_min='15um' diff_depth='1um' l_tsv='50um' metal_depth='0.3um' r_tsv='4um' ring_distance='16um' substrate_length='210um' t_ox='0.8um' t_ring='2um' tie_size='1um' w_dep='0.13447um'
Setup1:LastAdaptive
Problem Type:  C
C Units:farad, G Units:mSie
Reduce Matrix:  Original
Frequency:  6GHz

Capacitance Matrix
,TSV1,TSV2,TSV3,TSV4,TSV5,TSV6,TSV7,TSV8,TSV9,TSV10,TSV11,TSV12,TSV13,TSV14,TSV15,TSV16,TSV17,TSV18,TSV19,TSV20,TSV21,TSV22,TSV23,TSV24,TSV25,
TSV1,2.7652E-14,-8.2983E-15,-1.0585E-15,-3.3551E-16,-3.0883E-16,-8.3052E-15,-2.0771E-15,0,0,-2.5964E-17,-1.0613E-15,0,0,0,-3.2756E-17,-3.3186E-16,0,0,-3.9302E-19,-3.5176E-17,-3.0981E-16,-2.7227E-17,-3.3371E-17,-3.5392E-17,-5.8411E-17
TSV2,-8.2983E-15,3.0039E-14,-7.6346E-15,-8.2284E-16,-3.096E-16,-2.2544E-15,-6.1295E-15,-2.0206E-15,-1.5066E-18,-2.3536E-17,-6.8464E-17,-4.6704E-17,-1.68E-17,-3.2808E-18,-2.7483E-17,-1.9886E-17,0,0,0,-2.5768E-17,-2.5093E-17,0,-8.5957E-18,-9.8846E-18,-3.1947E-17
TSV3,-1.0585E-15,-7.6346E-15,3.0195E-14,-7.6332E-15,-1.0144E-15,-7.9381E-17,-1.9956E-15,-6.1286E-15,-2.011E-15,-6.5976E-17,0,-2.4982E-17,-5.2612E-17,-2.1176E-17,0,-2.8424E-17,0,0,0,-3.1128E-17,-3.3129E-17,-8.6133E-18,-1.3321E-17,-6.3609E-18,-2.9208E-17
TSV4,-3.3551E-16,-8.2284E-16,-7.6332E-15,3.0067E-14,-8.2881E-15,-4.0683E-17,0,-2.0217E-15,-6.1412E-15,-2.2446E-15,-2.8563E-17,-4.9193E-18,-1.8021E-17,-4.4929E-17,-6.5919E-17,-2.4525E-17,0,0,0,-4.3855E-17,-3.4364E-17,-9.3784E-18,-1.1982E-17,0,-1.95E-17
TSV5,-3.0883E-16,-3.096E-16,-1.0144E-15,-8.2881E-15,2.771E-14,-2.5813E-17,0,0,-2.078E-15,-8.2948E-15,-3.3323E-17,0,0,0,-1.066E-15,-3.5069E-17,0,0,0,-3.3436E-16,-5.8556E-17,-3.2305E-17,-2.9167E-17,-2.5924E-17,-3.0599E-16
TSV6,-8.3052E-15,-2.2544E-15,-7.9381E-17,-4.0683E-17,-2.5813E-17,3.0073E-14,-6.1371E-15,-8.3455E-17,0,0,-7.6471E-15,-2.0159E-15,-2.0102E-17,0,-8.8625E-18,-8.2985E-16,-3.114E-18,-9.8392E-19,0,-9.1204E-18,-3.0671E-16,-2.2422E-17,-2.5318E-17,-2.5274E-17,-3.206E-17
TSV7,-2.0771E-15,-6.1295E-15,-1.9956E-15,0,0,-6.1371E-15,3.2006E-14,-6.0431E-15,-4.6335E-17,0,-1.9891E-15,-6.0579E-15,-1.969E-15,-9.2051E-18,0,0,-4.8697E-17,-8.4114E-18,-2.3659E-18,0,0,0,0,0,0
TSV8,0,-2.0206E-15,-6.1286E-15,-2.0217E-15,0,-8.3455E-17,-6.0431E-15,3.2039E-14,-6.0435E-15,-8.2842E-17,-2.9015E-17,-1.9401E-15,-6.0481E-15,-1.9435E-15,-2.9491E-17,-2.5518E-18,-1.0422E-17,-3.8739E-17,-1.5998E-17,-1.5918E-18,0,0,0,0,0
TSV9,0,-1.5066E-18,-2.011E-15,-6.1412E-15,-2.078E-15,0,-4.6335E-17,-6.0435E-15,3.2003E-14,-6.134E-15,0,-1.1528E-17,-1.9649E-15,-6.0585E-15,-1.9852E-15,0,-3.3391E-18,-1.1538E-17,-4.8403E-17,0,0,0,0,0,0
TSV10,-2.5964E-17,-2.3536E-17,-6.5976E-17,-2.2446E-15,-8.2948E-15,0,0,-8.2842E-17,-6.134E-15,3.0037E-14,-9.0089E-18,0,-1.9704E-17,-2.0166E-15,-7.649E-15,-9.0854E-18,0,-7.102E-19,-1.9225E-18,-8.2931E-16,-3.3672E-17,-2.6224E-17,-2.7338E-17,-1.459E-17,-3.0563E-16
TSV11,-1.0613E-15,-6.8464E-17,0,-2.8563E-17,-3.3323E-17,-7.6471E-15,-1.9891E-15,-2.9015E-17,0,-9.0089E-18,3.0209E-14,-6.1209E-15,-5.3867E-17,0,-1.9031E-17,-7.6454E-15,-2.0025E-15,-2.0988E-17,0,-1.2846E-17,-1.0273E-15,-5.8648E-17,0,-3.1873E-17,-2.6489E-17
TSV12,0,-4.6704E-17,-2.4982E-17,-4.9193E-18,0,-2.0159E-15,-6.0579E-15,-1.9401E-15,-1.1528E-17,0,-6.1209E-15,3.2029E-14,-6.038E-15,-3.7264E-17,0,-2.02E-15,-6.0594E-15,-1.9515E-15,-1.6008E-17,0,0,-4.3992E-17,-2.5878E-17,-2.3705E-18,0
TSV13,0,-1.68E-17,-5.2612E-17,-1.8021E-17,0,-2.0102E-17,-1.969E-15,-6.0481E-15,-1.9649E-15,-1.9704E-17,-5.3867E-17,-6.038E-15,3.2076E-14,-6.0379E-15,-5.3684E-17,-1.9571E-17,-1.9695E-15,-6.0457E-15,-1.9738E-15,-1.8807E-17,0,-1.8687E-17,-5.487E-17,-1.904E-17,0
TSV14,0,-3.2808E-18,-2.1176E-17,-4.4929E-17,0,0,-9.2051E-18,-1.9435E-15,-6.0585E-15,-2.0166E-15,0,-3.7264E-17,-6.0379E-15,3.2029E-14,-6.1202E-15,0,-1.6638E-17,-1.9471E-15,-6.0581E-15,-2.0175E-15,0,-2.0731E-18,-2.2539E-17,-4.2382E-17,0
TSV15,-3.2756E-17,-2.7483E-17,0,-6.5919E-17,-1.066E-15,-8.8625E-18,0,-2.9491E-17,-1.9852E-15,-7.649E-15,-1.9031E-17,0,-5.3684E-17,-6.1202E-15,3.0208E-14,-1.3994E-17,0,-1.9511E-17,-2.0069E-15,-7.6312E-15,-2.7804E-17,-2.7751E-17,0,-5.7707E-17,-1.0168E-15
TSV16,-3.3186E-16,-1.9886E-17,-2.8424E-17,-2.4525E-17,-3.5069E-17,-8.2985E-16,0,-2.5518E-18,0,-9.0854E-18,-7.6454E-15,-2.02E-15,-1.9571E-17,0,-1.3994E-17,3.0036E-14,-6.1455E-15,-7.8368E-17,0,0,-8.2671E-15,-2.2472E-15,-7.6711E-17,-4.3098E-17,-2.0685E-17
TSV17,0,0,0,0,0,-3.114E-18,-4.8697E-17,-1.0422E-17,-3.3391E-18,0,-2.0025E-15,-6.0594E-15,-1.9695E-15,-1.6638E-17,0,-6.1455E-15,3.2004E-14,-6.0428E-15,-4.6521E-17,0,-2.0789E-15,-6.1289E-15,-1.9966E-15,0,0
TSV18,0,0,0,0,0,-9.8392E-19,-8.4114E-18,-3.8739E-17,-1.1538E-17,-7.102E-19,-2.0988E-17,-1.9515E-15,-6.0457E-15,-1.9471E-15,-1.9511E-17,-7.8368E-17,-6.0428E-15,3.2038E-14,-6.0438E-15,-7.9134E-17,0,-2.0196E-15,-6.1279E-15,-2.0194E-15,0
TSV19,-3.9302E-19,0,0,0,0,0,-2.3659E-18,-1.5998E-17,-4.8403E-17,-1.9225E-18,0,-1.6008E-17,-1.9738E-15,-6.0581E-15,-2.0069E-15,0,-4.6521E-17,-6.0438E-15,3.2007E-14,-6.1519E-15,0,-2.2846E-18,-2.0086E-15,-6.1397E-15,-2.081E-15
TSV20,-3.5176E-17,-2.5768E-17,-3.1128E-17,-4.3855E-17,-3.3436E-16,-9.1204E-18,0,-1.5918E-18,0,-8.2931E-16,-1.2846E-17,0,-1.8807E-17,-2.0175E-15,-7.6312E-15,0,0,-7.9134E-17,-6.1519E-15,3.0014E-14,-2.2934E-17,-2.4983E-17,-6.3412E-17,-2.2519E-15,-8.2196E-15
TSV21,-3.0981E-16,-2.5093E-17,-3.3129E-17,-3.4364E-17,-5.8556E-17,-3.0671E-16,0,0,0,-3.3672E-17,-1.0273E-15,0,0,0,-2.7804E-17,-8.2671E-15,-2.0789E-15,0,0,-2.2934E-17,2.7654E-14,-8.3071E-15,-1.0526E-15,-3.3303E-16,-3.0188E-16
TSV22,-2.7227E-17,0,-8.6133E-18,-9.3784E-18,-3.2305E-17,-2.2422E-17,0,0,0,-2.6224E-17,-5.8648E-17,-4.3992E-17,-1.8687E-17,-2.0731E-18,-2.7751E-17,-2.2472E-15,-6.1289E-15,-2.0196E-15,-2.2846E-18,-2.4983E-17,-8.3071E-15,3.0067E-14,-7.641E-15,-8.2465E-16,-3.0744E-16
TSV23,-3.3371E-17,-8.5957E-18,-1.3321E-17,-1.1982E-17,-2.9167E-17,-2.5318E-17,0,0,0,-2.7338E-17,0,-2.5878E-17,-5.487E-17,-2.2539E-17,0,-7.6711E-17,-1.9966E-15,-6.1279E-15,-2.0086E-15,-6.3412E-17,-1.0526E-15,-7.641E-15,3.0196E-14,-7.6388E-15,-1.0155E-15
TSV24,-3.5392E-17,-9.8846E-18,-6.3609E-18,0,-2.5924E-17,-2.5274E-17,0,0,0,-1.459E-17,-3.1873E-17,-2.3705E-18,-1.904E-17,-4.2382E-17,-5.7707E-17,-4.3098E-17,0,-2.0194E-15,-6.1397E-15,-2.2519E-15,-3.3303E-16,-8.2465E-16,-7.6388E-15,3.003E-14,-8.2505E-15
TSV25,-5.8411E-17,-3.1947E-17,-2.9208E-17,-1.95E-17,-3.0599E-16,-3.206E-17,0,0,0,-3.0563E-16,-2.6489E-17,0,0,0,-1.0168E-15,-2.0685E-17,0,0,-2.081E-15,-8.2196E-15,-3.0188E-16,-3.0744E-16,-1.0155E-15,-8.2505E-15,2.7639E-14

Capacitance Matrix Coupling Coefficient
,TSV1,TSV2,TSV3,TSV4,TSV5,TSV6,TSV7,TSV8,TSV9,TSV10,TSV11,TSV12,TSV13,TSV14,TSV15,TSV16,TSV17,TSV18,TSV19,TSV20,TSV21,TSV22,TSV23,TSV24,TSV25,
TSV1,1,0.28793,0.036633,0.011636,0.011157,0.288,0.069819,0,0,0.00090092,0.036719,0,0,0,0.0011334,0.011515,0,0,1.3211E-05,0.001221,0.011204,0.00094424,0.0011549,0.0012282,0.0021129
TSV2,0.28793,1,0.2535,0.02738,0.010731,0.075008,0.19768,0.065133,4.8591E-05,0.00078354,0.0022728,0.0015057,0.00054124,0.00010577,0.00091234,0.00066204,0,0,0,0.00085819,0.00087064,0,0.00028541,0.00032911,0.0011088
TSV3,0.036633,0.2535,1,0.25333,0.035068,0.0026343,0.064194,0.19704,0.064691,0.0021908,0,0.00080333,0.0016905,0.00068092,0,0.00094385,0,0,0,0.001034,0.0011465,0.00028586,0.00044117,0.00021124,0.0010111
TSV4,0.011636,0.02738,0.25333,1,0.28714,0.0013529,0,0.065139,0.19798,0.074692,0.00094776,0.00015852,0.00058029,0.0014478,0.0021873,0.0008161,0,0,0,0.0014599,0.0011917,0.00031192,0.00039768,0,0.00067643
TSV5,0.011157,0.010731,0.035068,0.28714,1,0.0008942,0,0,0.069783,0.28752,0.0011518,0,0,0,0.036846,0.0012156,0,0,0,0.011594,0.0021153,0.0011192,0.0010083,0.0008987,0.011057
TSV6,0.288,0.075008,0.0026343,0.0013529,0.0008942,1,0.19782,0.0026886,0,0,0.25371,0.064953,0.00064722,0,0.00029404,0.027612,0.00010037,3.1698E-05,0,0.00030357,0.010636,0.00074564,0.00084017,0.00084103,0.001112
TSV7,0.069819,0.19768,0.064194,0,0,0.19782,1,0.18871,0.0014478,0,0.063969,0.18921,0.061452,0.0002875,0,0,0.0015215,0.00026267,7.3918E-05,0,0,0,0,0,0
TSV8,0,0.065133,0.19704,0.065139,0,0.0026886,0.18871,1,0.18874,0.0026705,0.00093264,0.060564,0.18866,0.060671,0.00094795,8.226E-05,0.00032546,0.0012091,0.00049959,5.1331E-05,0,0,0,0,0
TSV9,0,4.8591E-05,0.064691,0.19798,0.069783,0,0.0014478,0.18874,1,0.19784,0,0.00036006,0.061329,0.18924,0.063848,0,0.00010434,0.00036033,0.0015124,0,0,0,0,0,0
TSV10,0.00090092,0.00078354,0.0021908,0.074692,0.28752,0,0,0.0026705,0.19784,1,0.00029907,0,0.0006348,0.065016,0.25393,0.00030248,0,2.2894E-05,6.2004E-05,0.02762,0.0011683,0.00087262,0.00090776,0.00048579,0.010607
TSV11,0.036719,0.0022728,0,0.00094776,0.0011518,0.25371,0.063969,0.00093264,0,0.00029907,1,0.19678,0.0017305,0,0.00062999,0.25381,0.064403,0.00067464,0,0.00042661,0.035541,0.001946,0,0.0010582,0.00091673
TSV12,0,0.0015057,0.00080333,0.00015852,0,0.064953,0.18921,0.060564,0.00036006,0,0.19678,1,0.18838,0.0011634,0,0.065127,0.18926,0.060921,0.00049997,0,0,0.0014176,0.00083212,7.6435E-05,0
TSV13,0,0.00054124,0.0016905,0.00058029,0,0.00064722,0.061452,0.18866,0.061329,0.0006348,0.0017305,0.18838,1,0.18838,0.0017246,0.00063052,0.061471,0.18859,0.061603,0.00060614,0,0.00060174,0.0017631,0.00061347,0
TSV14,0,0.00010577,0.00068092,0.0014478,0,0,0.0002875,0.060671,0.18924,0.065016,0,0.0011634,0.18838,1,0.19676,0,0.00051967,0.060784,0.18921,0.06507,0,6.6805E-05,0.00072474,0.0013666,0
TSV15,0.0011334,0.00091234,0,0.0021873,0.036846,0.00029404,0,0.00094795,0.063848,0.25393,0.00062999,0,0.0017246,0.19676,1,0.00046459,0,0.00062717,0.064543,0.25344,0.000962,0.0009208,0,0.001916,0.035189
TSV16,0.011515,0.00066204,0.00094385,0.0008161,0.0012156,0.027612,0,8.226E-05,0,0.00030248,0.25381,0.065127,0.00063052,0,0.00046459,1,0.19821,0.0025263,0,0,0.28685,0.074779,0.0025472,0.001435,0.00071791
TSV17,0,0,0,0,0,0.00010037,0.0015215,0.00032546,0.00010434,0,0.064403,0.18926,0.061471,0.00051967,0,0.19821,1,0.18871,0.0014535,0,0.069879,0.19758,0.064226,0,0
TSV18,0,0,0,0,0,3.1698E-05,0.00026267,0.0012091,0.00036033,2.2894E-05,0.00067464,0.060921,0.18859,0.060784,0.00062717,0.0025263,0.18871,1,0.18873,0.0025519,0,0.06507,0.19702,0.065104,0
TSV19,1.3211E-05,0,0,0,0,0,7.3918E-05,0.00049959,0.0015124,6.2004E-05,0,0.00049997,0.061603,0.18921,0.064543,0,0.0014535,0.18873,1,0.19848,0,7.3645E-05,0.064611,0.19804,0.069967
TSV20,0.001221,0.00085819,0.001034,0.0014599,0.011594,0.00030357,0,5.1331E-05,0,0.02762,0.00042661,0,0.00060614,0.06507,0.25344,0,0,0.0025519,0.19848,1,0.00079604,0.00083163,0.0021064,0.075007,0.28538
TSV21,0.011204,0.00087064,0.0011465,0.0011917,0.0021153,0.010636,0,0,0,0.0011683,0.035541,0,0,0,0.000962,0.28685,0.069879,0,0,0.00079604,1,0.28809,0.036427,0.011556,0.010919
TSV22,0.00094424,0,0.00028586,0.00031192,0.0011192,0.00074564,0,0,0,0.00087262,0.001946,0.0014176,0.00060174,6.6805E-05,0.0009208,0.074779,0.19758,0.06507,7.3645E-05,0.00083163,0.28809,1,0.25359,0.027444,0.010665
TSV23,0.0011549,0.00028541,0.00044117,0.00039768,0.0010083,0.00084017,0,0,0,0.00090776,0,0.00083212,0.0017631,0.00072474,0,0.0025472,0.064226,0.19702,0.064611,0.0021064,0.036427,0.25359,1,0.25368,0.035153
TSV24,0.0012282,0.00032911,0.00021124,0,0.0008987,0.00084103,0,0,0,0.00048579,0.0010582,7.6435E-05,0.00061347,0.0013666,0.001916,0.001435,0,0.065104,0.19804,0.075007,0.011556,0.027444,0.25368,1,0.28638
TSV25,0.0021129,0.0011088,0.0010111,0.00067643,0.011057,0.001112,0,0,0,0.010607,0.00091673,0,0,0,0.035189,0.00071791,0,0,0.069967,0.28538,0.010919,0.010665,0.035153,0.28638,1

Spice Capacitance Matrix
,TSV1,TSV2,TSV3,TSV4,TSV5,TSV6,TSV7,TSV8,TSV9,TSV10,TSV11,TSV12,TSV13,TSV14,TSV15,TSV16,TSV17,TSV18,TSV19,TSV20,TSV21,TSV22,TSV23,TSV24,TSV25,
TSV1,5.3171E-15,8.2983E-15,1.0585E-15,3.3551E-16,3.0883E-16,8.3052E-15,2.0771E-15,-0,-0,2.5964E-17,1.0613E-15,-0,-0,-0,3.2756E-17,3.3186E-16,-0,-0,3.9302E-19,3.5176E-17,3.0981E-16,2.7227E-17,3.3371E-17,3.5392E-17,5.8411E-17
TSV2,8.2983E-15,2.2599E-15,7.6346E-15,8.2284E-16,3.096E-16,2.2544E-15,6.1295E-15,2.0206E-15,1.5066E-18,2.3536E-17,6.8464E-17,4.6704E-17,1.68E-17,3.2808E-18,2.7483E-17,1.9886E-17,-0,-0,-0,2.5768E-17,2.5093E-17,-0,8.5957E-18,9.8846E-18,3.1947E-17
TSV3,1.0585E-15,7.6346E-15,2.3249E-15,7.6332E-15,1.0144E-15,7.9381E-17,1.9956E-15,6.1286E-15,2.011E-15,6.5976E-17,-0,2.4982E-17,5.2612E-17,2.1176E-17,-0,2.8424E-17,-0,-0,-0,3.1128E-17,3.3129E-17,8.6133E-18,1.3321E-17,6.3609E-18,2.9208E-17
TSV4,3.3551E-16,8.2284E-16,7.6332E-15,2.2328E-15,8.2881E-15,4.0683E-17,-0,2.0217E-15,6.1412E-15,2.2446E-15,2.8563E-17,4.9193E-18,1.8021E-17,4.4929E-17,6.5919E-17,2.4525E-17,-0,-0,-0,4.3855E-17,3.4364E-17,9.3784E-18,1.1982E-17,-0,1.95E-17
TSV5,3.0883E-16,3.096E-16,1.0144E-15,8.2881E-15,5.4693E-15,2.5813E-17,-0,-0,2.078E-15,8.2948E-15,3.3323E-17,-0,-0,-0,1.066E-15,3.5069E-17,-0,-0,-0,3.3436E-16,5.8556E-17,3.2305E-17,2.9167E-17,2.5924E-17,3.0599E-16
TSV6,8.3052E-15,2.2544E-15,7.9381E-17,4.0683E-17,2.5813E-17,2.2002E-15,6.1371E-15,8.3455E-17,-0,-0,7.6471E-15,2.0159E-15,2.0102E-17,-0,8.8625E-18,8.2985E-16,3.114E-18,9.8392E-19,-0,9.1204E-18,3.0671E-16,2.2422E-17,2.5318E-17,2.5274E-17,3.206E-17
TSV7,2.0771E-15,6.1295E-15,1.9956E-15,-0,-0,6.1371E-15,-5.0723E-16,6.0431E-15,4.6335E-17,-0,1.9891E-15,6.0579E-15,1.969E-15,9.2051E-18,-0,-0,4.8697E-17,8.4114E-18,2.3659E-18,-0,-0,-0,-0,-0,-0
TSV8,-0,2.0206E-15,6.1286E-15,2.0217E-15,-0,8.3455E-17,6.0431E-15,-4.4433E-16,6.0435E-15,8.2842E-17,2.9015E-17,1.9401E-15,6.0481E-15,1.9435E-15,2.9491E-17,2.5518E-18,1.0422E-17,3.8739E-17,1.5998E-17,1.5918E-18,-0,-0,-0,-0,-0
TSV9,-0,1.5066E-18,2.011E-15,6.1412E-15,2.078E-15,-0,4.6335E-17,6.0435E-15,-5.3628E-16,6.134E-15,-0,1.1528E-17,1.9649E-15,6.0585E-15,1.9852E-15,-0,3.3391E-18,1.1538E-17,4.8403E-17,-0,-0,-0,-0,-0,-0
TSV10,2.5964E-17,2.3536E-17,6.5976E-17,2.2446E-15,8.2948E-15,-0,-0,8.2842E-17,6.134E-15,2.2222E-15,9.0089E-18,-0,1.9704E-17,2.0166E-15,7.649E-15,9.0854E-18,-0,7.102E-19,1.9225E-18,8.2931E-16,3.3672E-17,2.6224E-17,2.7338E-17,1.459E-17,3.0563E-16
TSV11,1.0613E-15,6.8464E-17,-0,2.8563E-17,3.3323E-17,7.6471E-15,1.9891E-15,2.9015E-17,-0,9.0089E-18,2.3237E-15,6.1209E-15,5.3867E-17,-0,1.9031E-17,7.6454E-15,2.0025E-15,2.0988E-17,-0,1.2846E-17,1.0273E-15,5.8648E-17,-0,3.1873E-17,2.6489E-17
TSV12,-0,4.6704E-17,2.4982E-17,4.9193E-18,-0,2.0159E-15,6.0579E-15,1.9401E-15,1.1528E-17,-0,6.1209E-15,-3.8885E-16,6.038E-15,3.7264E-17,-0,2.02E-15,6.0594E-15,1.9515E-15,1.6008E-17,-0,-0,4.3992E-17,2.5878E-17,2.3705E-18,-0
TSV13,-0,1.68E-17,5.2612E-17,1.8021E-17,-0,2.0102E-17,1.969E-15,6.0481E-15,1.9649E-15,1.9704E-17,5.3867E-17,6.038E-15,-3.3702E-16,6.0379E-15,5.3684E-17,1.9571E-17,1.9695E-15,6.0457E-15,1.9738E-15,1.8807E-17,-0,1.8687E-17,5.487E-17,1.904E-17,-0
TSV14,-0,3.2808E-18,2.1176E-17,4.4929E-17,-0,-0,9.2051E-18,1.9435E-15,6.0585E-15,2.0166E-15,-0,3.7264E-17,6.0379E-15,-3.7013E-16,6.1202E-15,-0,1.6638E-17,1.9471E-15,6.0581E-15,2.0175E-15,-0,2.0731E-18,2.2539E-17,4.2382E-17,-0
TSV15,3.2756E-17,2.7483E-17,-0,6.5919E-17,1.066E-15,8.8625E-18,-0,2.9491E-17,1.9852E-15,7.649E-15,1.9031E-17,-0,5.3684E-17,6.1202E-15,2.3487E-15,1.3994E-17,-0,1.9511E-17,2.0069E-15,7.6312E-15,2.7804E-17,2.7751E-17,-0,5.7707E-17,1.0168E-15
TSV16,3.3186E-16,1.9886E-17,2.8424E-17,2.4525E-17,3.5069E-17,8.2985E-16,-0,2.5518E-18,-0,9.0854E-18,7.6454E-15,2.02E-15,1.9571E-17,-0,1.3994E-17,2.1769E-15,6.1455E-15,7.8368E-17,-0,-0,8.2671E-15,2.2472E-15,7.6711E-17,4.3098E-17,2.0685E-17
TSV17,-0,-0,-0,-0,-0,3.114E-18,4.8697E-17,1.0422E-17,3.3391E-18,-0,2.0025E-15,6.0594E-15,1.9695E-15,1.6638E-17,-0,6.1455E-15,-5.4855E-16,6.0428E-15,4.6521E-17,-0,2.0789E-15,6.1289E-15,1.9966E-15,-0,-0
TSV18,-0,-0,-0,-0,-0,9.8392E-19,8.4114E-18,3.8739E-17,1.1538E-17,7.102E-19,2.0988E-17,1.9515E-15,6.0457E-15,1.9471E-15,1.9511E-17,7.8368E-17,6.0428E-15,-4.1792E-16,6.0438E-15,7.9134E-17,-0,2.0196E-15,6.1279E-15,2.0194E-15,-0
TSV19,3.9302E-19,-0,-0,-0,-0,-0,2.3659E-18,1.5998E-17,4.8403E-17,1.9225E-18,-0,1.6008E-17,1.9738E-15,6.0581E-15,2.0069E-15,-0,4.6521E-17,6.0438E-15,-5.9049E-16,6.1519E-15,-0,2.2846E-18,2.0086E-15,6.1397E-15,2.081E-15
TSV20,3.5176E-17,2.5768E-17,3.1128E-17,4.3855E-17,3.3436E-16,9.1204E-18,-0,1.5918E-18,-0,8.2931E-16,1.2846E-17,-0,1.8807E-17,2.0175E-15,7.6312E-15,-0,-0,7.9134E-17,6.1519E-15,2.2096E-15,2.2934E-17,2.4983E-17,6.3412E-17,2.2519E-15,8.2196E-15
TSV21,3.0981E-16,2.5093E-17,3.3129E-17,3.4364E-17,5.8556E-17,3.0671E-16,-0,-0,-0,3.3672E-17,1.0273E-15,-0,-0,-0,2.7804E-17,8.2671E-15,2.0789E-15,-0,-0,2.2934E-17,5.434E-15,8.3071E-15,1.0526E-15,3.3303E-16,3.0188E-16
TSV22,2.7227E-17,-0,8.6133E-18,9.3784E-18,3.2305E-17,2.2422E-17,-0,-0,-0,2.6224E-17,5.8648E-17,4.3992E-17,1.8687E-17,2.0731E-18,2.7751E-17,2.2472E-15,6.1289E-15,2.0196E-15,2.2846E-18,2.4983E-17,8.3071E-15,2.2869E-15,7.641E-15,8.2465E-16,3.0744E-16
TSV23,3.3371E-17,8.5957E-18,1.3321E-17,1.1982E-17,2.9167E-17,2.5318E-17,-0,-0,-0,2.7338E-17,-0,2.5878E-17,5.487E-17,2.2539E-17,-0,7.6711E-17,1.9966E-15,6.1279E-15,2.0086E-15,6.3412E-17,1.0526E-15,7.641E-15,2.3221E-15,7.6388E-15,1.0155E-15
TSV24,3.5392E-17,9.8846E-18,6.3609E-18,-0,2.5924E-17,2.5274E-17,-0,-0,-0,1.459E-17,3.1873E-17,2.3705E-18,1.904E-17,4.2382E-17,5.7707E-17,4.3098E-17,-0,2.0194E-15,6.1397E-15,2.2519E-15,3.3303E-16,8.2465E-16,7.6388E-15,2.2577E-15,8.2505E-15
TSV25,5.8411E-17,3.1947E-17,2.9208E-17,1.95E-17,3.0599E-16,3.206E-17,-0,-0,-0,3.0563E-16,2.6489E-17,-0,-0,-0,1.0168E-15,2.0685E-17,-0,-0,2.081E-15,8.2196E-15,3.0188E-16,3.0744E-16,1.0155E-15,8.2505E-15,5.6164E-15

Conductance Matrix
,TSV1,TSV2,TSV3,TSV4,TSV5,TSV6,TSV7,TSV8,TSV9,TSV10,TSV11,TSV12,TSV13,TSV14,TSV15,TSV16,TSV17,TSV18,TSV19,TSV20,TSV21,TSV22,TSV23,TSV24,TSV25,
TSV1,0.58846,-0.05429,-0.041565,-0.014343,-0.01062,-0.053886,-0.057992,-0.014058,-0.0018743,-0.003387,-0.041975,-0.014327,-0.0014221,0.00062214,-0.0012974,-0.01416,-0.0018343,0.00056593,-4.4292E-05,-0.0014593,-0.010635,-0.0033222,-0.0012921,-0.0014935,-0.0017497
TSV2,-0.05429,0.52794,-0.041069,-0.034009,-0.013891,-0.058726,-0.043996,-0.048065,-0.012591,-0.0052288,-0.017324,-0.018844,-0.01117,-0.0022292,-0.0025937,-0.0053767,-0.0013021,-0.00048981,-3.4319E-06,-0.0017268,-0.0032472,0.00016457,-0.00029016,-0.00038404,-0.0013064
TSV3,-0.041565,-0.041069,0.5295,-0.040372,-0.040722,-0.018057,-0.047572,-0.041676,-0.047631,-0.01762,-0.0031452,-0.011628,-0.017839,-0.011607,-0.0029806,-0.0026458,-0.00064427,-0.000822,-0.00056496,-0.0026031,-0.0012791,-0.00031167,-0.0015269,-0.00013542,-0.0010081
TSV4,-0.014343,-0.034009,-0.040372,0.52868,-0.054509,-0.0054171,-0.012566,-0.048076,-0.043838,-0.058438,-0.0026417,-0.002263,-0.011123,-0.018844,-0.017007,-0.0017098,-1.1677E-05,-0.00049939,-0.0012645,-0.0052041,-0.0014348,-0.00037847,-0.00010205,0.00045978,-0.0028003
TSV5,-0.01062,-0.013891,-0.040722,-0.054509,0.59173,-0.003372,-0.0016878,-0.014013,-0.058302,-0.053687,-0.0012974,0.00062565,-0.0013856,-0.014232,-0.041788,-0.001436,4.7099E-06,0.00060903,-0.001868,-0.014133,-0.0018085,-0.0014043,-0.0010926,-0.0031638,-0.010327
TSV6,-0.053886,-0.058726,-0.018057,-0.0054171,-0.003372,0.52983,-0.04441,-0.018522,-0.0013459,0.00033495,-0.041449,-0.048349,-0.011044,-0.00046076,-0.00030281,-0.034433,-0.012606,-0.0022402,-2.8327E-05,-0.00032022,-0.013796,-0.0052292,-0.0025789,-0.0017327,-0.0013204
TSV7,-0.057992,-0.043996,-0.047572,-0.012566,-0.0016878,-0.04441,0.4847,-0.038617,-0.016729,-0.0012638,-0.047626,-0.039208,-0.044312,-0.0095859,-0.00060381,-0.012514,-0.016755,-0.0096252,-0.002049,-3.9903E-05,-0.0016488,-0.0012153,-0.00057984,-4.9E-07,4.1828E-06
TSV8,-0.014058,-0.048065,-0.041676,-0.048076,-0.014013,-0.018522,-0.038617,0.48562,-0.03868,-0.018502,-0.011668,-0.043142,-0.038392,-0.043681,-0.011599,-0.0022924,-0.0096471,-0.015478,-0.0096104,-0.0022585,0.00054968,-0.00052817,-0.00083931,-0.00049552,0.00061214
TSV9,-0.0018743,-0.012591,-0.047631,-0.043838,-0.058302,-0.0013459,-0.016729,-0.03868,0.4847,-0.044372,-0.00067291,-0.009605,-0.043747,-0.039292,-0.047763,-5.9367E-05,-0.002073,-0.0096497,-0.016748,-0.012441,-2.6743E-05,2.0367E-06,-0.00056792,-0.0012043,-0.0015039
TSV10,-0.003387,-0.0052288,-0.01762,-0.058438,-0.053687,0.00033495,-0.0012638,-0.018502,-0.044372,0.52818,-0.00032194,-0.0005001,-0.01098,-0.048309,-0.041472,-0.00033668,-1.9572E-05,-0.0022516,-0.012661,-0.034309,-0.0014405,-0.0017824,-0.0026165,-0.005333,-0.013641
TSV11,-0.041975,-0.017324,-0.0031452,-0.0026417,-0.0012974,-0.041449,-0.047626,-0.011668,-0.00067291,-0.00032194,0.53068,-0.041866,-0.017687,-0.00080118,-0.0018921,-0.041014,-0.047955,-0.011366,-0.000544,-7.0559E-05,-0.04135,-0.017148,-0.0030456,-0.0026525,-0.00095186
TSV12,-0.014327,-0.018844,-0.011628,-0.002263,0.00062565,-0.048349,-0.039208,-0.043142,-0.009605,-0.0005001,-0.041866,0.48463,-0.038281,-0.015434,-0.00079621,-0.048103,-0.039239,-0.043811,-0.00955,-0.0005931,-0.013812,-0.018748,-0.011686,-0.0022809,0.00060083
TSV13,-0.0014221,-0.01117,-0.017839,-0.011123,-0.0013856,-0.011044,-0.044312,-0.038392,-0.043747,-0.01098,-0.017687,-0.038281,0.48588,-0.038272,-0.017673,-0.010936,-0.043839,-0.03821,-0.044391,-0.010972,-0.0011805,-0.011136,-0.017962,-0.011221,-0.0010866
TSV14,0.00062214,-0.0022292,-0.011607,-0.018844,-0.014232,-0.00046076,-0.0095859,-0.043681,-0.039292,-0.048309,-0.00080118,-0.015434,-0.038272,0.48465,-0.041906,-0.00065409,-0.0095373,-0.043238,-0.039104,-0.048112,0.00055221,-0.0022422,-0.011586,-0.018756,-0.013675
TSV15,-0.0012974,-0.0025937,-0.0029806,-0.017007,-0.041788,-0.00030281,-0.00060381,-0.011599,-0.047763,-0.041472,-0.0018921,-0.00079621,-0.017673,-0.041906,0.53109,-4.6138E-05,-0.00053183,-0.011359,-0.047789,-0.040618,-0.001004,-0.0025669,-0.0029151,-0.017247,-0.04079
TSV16,-0.01416,-0.0053767,-0.0026458,-0.0017098,-0.001436,-0.034433,-0.012514,-0.0022924,-5.9367E-05,-0.00033668,-0.041014,-0.048103,-0.010936,-0.00065409,-4.6138E-05,0.52879,-0.044522,-0.018602,-0.0013416,0.00062514,-0.05311,-0.058584,-0.017918,-0.00536,-0.0030501
TSV17,-0.0018343,-0.0013021,-0.00064427,-1.1677E-05,4.7099E-06,-0.012606,-0.016755,-0.0096471,-0.002073,-1.9572E-05,-0.047955,-0.039239,-0.043839,-0.0095373,-0.00053183,-0.044522,0.48473,-0.038648,-0.016755,-0.0012291,-0.058309,-0.043864,-0.047685,-0.012544,-0.0016028
TSV18,0.00056593,-0.00048981,-0.000822,-0.00049939,0.00060903,-0.0022402,-0.0096252,-0.015478,-0.0096497,-0.0022516,-0.011366,-0.043811,-0.03821,-0.043238,-0.011359,-0.018602,-0.038648,0.48565,-0.038621,-0.018537,-0.014104,-0.048084,-0.041795,-0.048064,-0.013797
TSV19,-4.4292E-05,-3.4319E-06,-0.00056496,-0.0012645,-0.001868,-2.8327E-05,-0.002049,-0.0096104,-0.016748,-0.012661,-0.000544,-0.00955,-0.044391,-0.039104,-0.047789,-0.0013416,-0.016755,-0.038621,0.48471,-0.044803,-0.0019051,-0.012662,-0.047661,-0.04417,-0.057603
TSV20,-0.0014593,-0.0017268,-0.0026031,-0.0052041,-0.014133,-0.00032022,-3.9903E-05,-0.0022585,-0.012441,-0.034309,-7.0559E-05,-0.0005931,-0.010972,-0.048112,-0.040618,0.00062514,-0.0012291,-0.018537,-0.044803,0.52956,-0.0030953,-0.0051638,-0.017637,-0.058575,-0.051465
TSV21,-0.010635,-0.0032472,-0.0012791,-0.0014348,-0.0018085,-0.013796,-0.0016488,0.00054968,-2.6743E-05,-0.0014405,-0.04135,-0.013812,-0.0011805,0.00055221,-0.001004,-0.05311,-0.058309,-0.014104,-0.0019051,-0.0030953,0.59034,-0.054862,-0.041337,-0.014252,-0.010363
TSV22,-0.0033222,0.00016457,-0.00031167,-0.00037847,-0.0014043,-0.0052292,-0.0012153,-0.00052817,2.0367E-06,-0.0017824,-0.017148,-0.018748,-0.011136,-0.0022422,-0.0025669,-0.058584,-0.043864,-0.048084,-0.012662,-0.0051638,-0.054862,0.52821,-0.041023,-0.034174,-0.013734
TSV23,-0.0012921,-0.00029016,-0.0015269,-0.00010205,-0.0010926,-0.0025789,-0.00057984,-0.00083931,-0.00056792,-0.0026165,-0.0030456,-0.011686,-0.017962,-0.011586,-0.0029151,-0.017918,-0.047685,-0.041795,-0.047661,-0.017637,-0.041337,-0.041023,0.53043,-0.040769,-0.04046
TSV24,-0.0014935,-0.00038404,-0.00013542,0.00045978,-0.0031638,-0.0017327,-4.9E-07,-0.00049552,-0.0012043,-0.005333,-0.0026525,-0.0022809,-0.011221,-0.018756,-0.017247,-0.00536,-0.012544,-0.048064,-0.04417,-0.058575,-0.014252,-0.034174,-0.040769,0.52888,-0.052772
TSV25,-0.0017497,-0.0013064,-0.0010081,-0.0028003,-0.010327,-0.0013204,4.1828E-06,0.00061214,-0.0015039,-0.013641,-0.00095186,0.00060083,-0.0010866,-0.013675,-0.04079,-0.0030501,-0.0016028,-0.013797,-0.057603,-0.051465,-0.010363,-0.013734,-0.04046,-0.052772,0.5831

Conductance Matrix Coupling Coefficient
,TSV1,TSV2,TSV3,TSV4,TSV5,TSV6,TSV7,TSV8,TSV9,TSV10,TSV11,TSV12,TSV13,TSV14,TSV15,TSV16,TSV17,TSV18,TSV19,TSV20,TSV21,TSV22,TSV23,TSV24,TSV25,
TSV1,1,0.097403,0.074462,0.025714,0.017998,0.096504,0.10859,0.026297,0.0035095,0.0060753,0.075113,0.026829,0.0026596,0.001165,0.0023207,0.025384,0.0034344,0.0010586,8.2933E-05,0.0026142,0.018044,0.0059589,0.0023128,0.0026771,0.0029871
TSV2,0.097403,1,0.077677,0.064374,0.024853,0.11104,0.086974,0.094927,0.024891,0.009902,0.032729,0.037255,0.022054,0.0044071,0.0048982,0.010176,0.002574,0.00096733,6.7842E-06,0.0032657,0.0058166,0.00031164,0.00054832,0.00072679,0.0023545
TSV3,0.074462,0.077677,1,0.076303,0.072751,0.034091,0.093904,0.082188,0.09402,0.033318,0.0059332,0.022955,0.03517,0.022911,0.0056206,0.0050002,0.0012717,0.001621,0.0011152,0.0049158,0.0022878,0.00058932,0.0028812,0.0002559,0.0018142
TSV4,0.025714,0.064374,0.076303,1,0.097457,0.010235,0.024824,0.094883,0.0866,0.11059,0.0049873,0.0044707,0.021947,0.037226,0.032096,0.0032338,2.3067E-05,0.00098555,0.0024979,0.0098354,0.0025682,0.00071619,0.00019271,0.00086951,0.0050435
TSV5,0.017998,0.024853,0.072751,0.097457,1,0.0060222,0.0031515,0.026141,0.10886,0.096033,0.0023151,0.0011683,0.0025841,0.026576,0.074543,0.0025671,8.7942E-06,0.0011361,0.0034879,0.025247,0.0030599,0.0025118,0.0019503,0.0056555,0.017582
TSV6,0.096504,0.11104,0.034091,0.010235,0.0060222,1,0.087635,0.036515,0.002656,0.00063318,0.078167,0.095415,0.021766,0.00090927,0.00057084,0.065052,0.024876,0.0044162,5.5896E-05,0.00060454,0.024668,0.0098847,0.0048647,0.0032731,0.0023755
TSV7,0.10859,0.086974,0.093904,0.024824,0.0031515,0.087635,1,0.079597,0.034514,0.0024979,0.093904,0.080896,0.09131,0.019778,0.0011901,0.024717,0.034566,0.019839,0.0042274,7.8762E-05,0.0030823,0.0024019,0.0011436,9.678E-07,7.8678E-06
TSV8,0.026297,0.094927,0.082188,0.094883,0.026141,0.036515,0.079597,1,0.079726,0.036532,0.022985,0.08893,0.079037,0.090038,0.022839,0.0045239,0.019884,0.031871,0.019809,0.0044536,0.0010266,0.0010429,0.0016537,0.00097776,0.0011504
TSV9,0.0035095,0.024891,0.09402,0.0866,0.10886,0.002656,0.034514,0.079726,1,0.087696,0.0013268,0.019818,0.090146,0.081069,0.094138,0.00011726,0.0042768,0.019889,0.034553,0.024555,4.9994E-05,4.0251E-06,0.00112,0.0023786,0.0028288
TSV10,0.0060753,0.009902,0.033318,0.11059,0.096033,0.00063318,0.0024979,0.036532,0.087696,1,0.00060809,0.00098846,0.021674,0.095483,0.078304,0.00063707,3.868E-05,0.0044456,0.025022,0.064873,0.0025798,0.0033745,0.0049434,0.01009,0.02458
TSV11,0.075113,0.032729,0.0059332,0.0049873,0.0023151,0.078167,0.093904,0.022985,0.0013268,0.00060809,1,0.082553,0.034832,0.0015798,0.003564,0.077424,0.094551,0.022389,0.0010726,0.0001331,0.073877,0.032388,0.0057405,0.0050067,0.0017111
TSV12,0.026829,0.037255,0.022955,0.0044707,0.0011683,0.095415,0.080896,0.08893,0.019818,0.00098846,0.082553,1,0.078888,0.031847,0.0015694,0.095022,0.080959,0.090306,0.019704,0.0011708,0.025822,0.037055,0.023048,0.0045053,0.0011302
TSV13,0.0026596,0.022054,0.03517,0.021947,0.0025841,0.021766,0.09131,0.079037,0.090146,0.021674,0.034832,0.078888,1,0.078869,0.034791,0.021576,0.090332,0.078659,0.091472,0.021629,0.0022043,0.021982,0.035382,0.022136,0.0020415
TSV14,0.001165,0.0044071,0.022911,0.037226,0.026576,0.00090927,0.019778,0.090038,0.081069,0.095483,0.0015798,0.031847,0.078869,1,0.082601,0.0012921,0.019677,0.089122,0.08068,0.094968,0.0010324,0.0044315,0.022851,0.037046,0.025725
TSV15,0.0023207,0.0048982,0.0056206,0.032096,0.074543,0.00057084,0.0011901,0.022839,0.094138,0.078304,0.003564,0.0015694,0.034791,0.082601,1,8.7064E-05,0.0010482,0.022366,0.09419,0.07659,0.0017931,0.0048464,0.0054924,0.032542,0.073299
TSV16,0.025384,0.010176,0.0050002,0.0032338,0.0025671,0.065052,0.024717,0.0045239,0.00011726,0.00063707,0.077424,0.095022,0.021576,0.0012921,8.7064E-05,1,0.087939,0.036709,0.00265,0.0011814,0.095058,0.11085,0.033832,0.010135,0.0054929
TSV17,0.0034344,0.002574,0.0012717,2.3067E-05,8.7942E-06,0.024876,0.034566,0.019884,0.0042768,3.868E-05,0.094551,0.080959,0.090332,0.019677,0.0010482,0.087939,1,0.079655,0.034566,0.002426,0.109,0.086687,0.094041,0.024774,0.0030148
TSV18,0.0010586,0.00096733,0.001621,0.00098555,0.0011361,0.0044162,0.019839,0.031871,0.019889,0.0044456,0.022389,0.090306,0.078659,0.089122,0.022366,0.036709,0.079655,1,0.079601,0.036554,0.026341,0.094936,0.082347,0.094836,0.025926
TSV19,8.2933E-05,6.7842E-06,0.0011152,0.0024979,0.0034879,5.5896E-05,0.0042274,0.019809,0.034553,0.025022,0.0010726,0.019704,0.091472,0.08068,0.09419,0.00265,0.034566,0.079601,1,0.088431,0.0035615,0.025024,0.093996,0.087237,0.10835
TSV20,0.0026142,0.0032657,0.0049158,0.0098354,0.025247,0.00060454,7.8762E-05,0.0044536,0.024555,0.064873,0.0001331,0.0011708,0.021629,0.094968,0.07659,0.0011814,0.002426,0.036554,0.088431,1,0.0055361,0.0097635,0.033277,0.11068,0.092614
TSV21,0.018044,0.0058166,0.0022878,0.0025682,0.0030599,0.024668,0.0030823,0.0010266,4.9994E-05,0.0025798,0.073877,0.025822,0.0022043,0.0010324,0.0017931,0.095058,0.109,0.026341,0.0035615,0.0055361,1,0.098246,0.073872,0.025506,0.017663
TSV22,0.0059589,0.00031164,0.00058932,0.00071619,0.0025118,0.0098847,0.0024019,0.0010429,4.0251E-06,0.0033745,0.032388,0.037055,0.021982,0.0044315,0.0048464,0.11085,0.086687,0.094936,0.025024,0.0097635,0.098246,1,0.077501,0.064657,0.024747
TSV23,0.0023128,0.00054832,0.0028812,0.00019271,0.0019503,0.0048647,0.0011436,0.0016537,0.00112,0.0049434,0.0057405,0.023048,0.035382,0.022851,0.0054924,0.033832,0.094041,0.082347,0.093996,0.033277,0.073872,0.077501,1,0.076972,0.072751
TSV24,0.0026771,0.00072679,0.0002559,0.00086951,0.0056555,0.0032731,9.678E-07,0.00097776,0.0023786,0.01009,0.0050067,0.0045053,0.022136,0.037046,0.032542,0.010135,0.024774,0.094836,0.087237,0.11068,0.025506,0.064657,0.076972,1,0.095027
TSV25,0.0029871,0.0023545,0.0018142,0.0050435,0.017582,0.0023755,7.8678E-06,0.0011504,0.0028288,0.02458,0.0017111,0.0011302,0.0020415,0.025725,0.073299,0.0054929,0.0030148,0.025926,0.10835,0.092614,0.017663,0.024747,0.072751,0.095027,1

Spice Conductance Matrix
,TSV1,TSV2,TSV3,TSV4,TSV5,TSV6,TSV7,TSV8,TSV9,TSV10,TSV11,TSV12,TSV13,TSV14,TSV15,TSV16,TSV17,TSV18,TSV19,TSV20,TSV21,TSV22,TSV23,TSV24,TSV25,
TSV1,0.24262,0.05429,0.041565,0.014343,0.01062,0.053886,0.057992,0.014058,0.0018743,0.003387,0.041975,0.014327,0.0014221,-0.00062214,0.0012974,0.01416,0.0018343,-0.00056593,4.4292E-05,0.0014593,0.010635,0.0033222,0.0012921,0.0014935,0.0017497
TSV2,0.05429,0.14995,0.041069,0.034009,0.013891,0.058726,0.043996,0.048065,0.012591,0.0052288,0.017324,0.018844,0.01117,0.0022292,0.0025937,0.0053767,0.0013021,0.00048981,3.4319E-06,0.0017268,0.0032472,-0.00016457,0.00029016,0.00038404,0.0013064
TSV3,0.041565,0.041069,0.13448,0.040372,0.040722,0.018057,0.047572,0.041676,0.047631,0.01762,0.0031452,0.011628,0.017839,0.011607,0.0029806,0.0026458,0.00064427,0.000822,0.00056496,0.0026031,0.0012791,0.00031167,0.0015269,0.00013542,0.0010081
TSV4,0.014343,0.034009,0.040372,0.15229,0.054509,0.0054171,0.012566,0.048076,0.043838,0.058438,0.0026417,0.002263,0.011123,0.018844,0.017007,0.0017098,1.1677E-05,0.00049939,0.0012645,0.0052041,0.0014348,0.00037847,0.00010205,-0.00045978,0.0028003
TSV5,0.01062,0.013891,0.040722,0.054509,0.24823,0.003372,0.0016878,0.014013,0.058302,0.053687,0.0012974,-0.00062565,0.0013856,0.014232,0.041788,0.001436,-4.7099E-06,-0.00060903,0.001868,0.014133,0.0018085,0.0014043,0.0010926,0.0031638,0.010327
TSV6,0.053886,0.058726,0.018057,0.0054171,0.003372,0.15054,0.04441,0.018522,0.0013459,-0.00033495,0.041449,0.048349,0.011044,0.00046076,0.00030281,0.034433,0.012606,0.0022402,2.8327E-05,0.00032022,0.013796,0.0052292,0.0025789,0.0017327,0.0013204
TSV7,0.057992,0.043996,0.047572,0.012566,0.0016878,0.04441,0.034108,0.038617,0.016729,0.0012638,0.047626,0.039208,0.044312,0.0095859,0.00060381,0.012514,0.016755,0.0096252,0.002049,3.9903E-05,0.0016488,0.0012153,0.00057984,4.9E-07,-4.1828E-06
TSV8,0.014058,0.048065,0.041676,0.048076,0.014013,0.018522,0.038617,0.016938,0.03868,0.018502,0.011668,0.043142,0.038392,0.043681,0.011599,0.0022924,0.0096471,0.015478,0.0096104,0.0022585,-0.00054968,0.00052817,0.00083931,0.00049552,-0.00061214
TSV9,0.0018743,0.012591,0.047631,0.043838,0.058302,0.0013459,0.016729,0.03868,0.033988,0.044372,0.00067291,0.009605,0.043747,0.039292,0.047763,5.9367E-05,0.002073,0.0096497,0.016748,0.012441,2.6743E-05,-2.0367E-06,0.00056792,0.0012043,0.0015039
TSV10,0.003387,0.0052288,0.01762,0.058438,0.053687,-0.00033495,0.0012638,0.018502,0.044372,0.15004,0.00032194,0.0005001,0.01098,0.048309,0.041472,0.00033668,1.9572E-05,0.0022516,0.012661,0.034309,0.0014405,0.0017824,0.0026165,0.005333,0.013641
TSV11,0.041975,0.017324,0.0031452,0.0026417,0.0012974,0.041449,0.047626,0.011668,0.00067291,0.00032194,0.13422,0.041866,0.017687,0.00080118,0.0018921,0.041014,0.047955,0.011366,0.000544,7.0559E-05,0.04135,0.017148,0.0030456,0.0026525,0.00095186
TSV12,0.014327,0.018844,0.011628,0.002263,-0.00062565,0.048349,0.039208,0.043142,0.009605,0.0005001,0.041866,0.013789,0.038281,0.015434,0.00079621,0.048103,0.039239,0.043811,0.00955,0.0005931,0.013812,0.018748,0.011686,0.0022809,-0.00060083
TSV13,0.0014221,0.01117,0.017839,0.011123,0.0013856,0.011044,0.044312,0.038392,0.043747,0.01098,0.017687,0.038281,-0.0083842,0.038272,0.017673,0.010936,0.043839,0.03821,0.044391,0.010972,0.0011805,0.011136,0.017962,0.011221,0.0010866
TSV14,-0.00062214,0.0022292,0.011607,0.018844,0.014232,0.00046076,0.0095859,0.043681,0.039292,0.048309,0.00080118,0.015434,0.038272,0.014267,0.041906,0.00065409,0.0095373,0.043238,0.039104,0.048112,-0.00055221,0.0022422,0.011586,0.018756,0.013675
TSV15,0.0012974,0.0025937,0.0029806,0.017007,0.041788,0.00030281,0.00060381,0.011599,0.047763,0.041472,0.0018921,0.00079621,0.017673,0.041906,0.13655,4.6138E-05,0.00053183,0.011359,0.047789,0.040618,0.001004,0.0025669,0.0029151,0.017247,0.04079
TSV16,0.01416,0.0053767,0.0026458,0.0017098,0.001436,0.034433,0.012514,0.0022924,5.9367E-05,0.00033668,0.041014,0.048103,0.010936,0.00065409,4.6138E-05,0.15121,0.044522,0.018602,0.0013416,-0.00062514,0.05311,0.058584,0.017918,0.00536,0.0030501
TSV17,0.0018343,0.0013021,0.00064427,1.1677E-05,-4.7099E-06,0.012606,0.016755,0.0096471,0.002073,1.9572E-05,0.047955,0.039239,0.043839,0.0095373,0.00053183,0.044522,0.033585,0.038648,0.016755,0.0012291,0.058309,0.043864,0.047685,0.012544,0.0016028
TSV18,-0.00056593,0.00048981,0.000822,0.00049939,-0.00060903,0.0022402,0.0096252,0.015478,0.0096497,0.0022516,0.011366,0.043811,0.03821,0.043238,0.011359,0.018602,0.038648,0.017535,0.038621,0.018537,0.014104,0.048084,0.041795,0.048064,0.013797
TSV19,4.4292E-05,3.4319E-06,0.00056496,0.0012645,0.001868,2.8327E-05,0.002049,0.0096104,0.016748,0.012661,0.000544,0.00955,0.044391,0.039104,0.047789,0.0013416,0.016755,0.038621,0.032973,0.044803,0.0019051,0.012662,0.047661,0.04417,0.057603
TSV20,0.0014593,0.0017268,0.0026031,0.0052041,0.014133,0.00032022,3.9903E-05,0.0022585,0.012441,0.034309,7.0559E-05,0.0005931,0.010972,0.048112,0.040618,-0.00062514,0.0012291,0.018537,0.044803,0.15482,0.0030953,0.0051638,0.017637,0.058575,0.051465
TSV21,0.010635,0.0032472,0.0012791,0.0014348,0.0018085,0.013796,0.0016488,-0.00054968,2.6743E-05,0.0014405,0.04135,0.013812,0.0011805,-0.00055221,0.001004,0.05311,0.058309,0.014104,0.0019051,0.0030953,0.24744,0.054862,0.041337,0.014252,0.010363
TSV22,0.0033222,-0.00016457,0.00031167,0.00037847,0.0014043,0.0052292,0.0012153,0.00052817,-2.0367E-06,0.0017824,0.017148,0.018748,0.011136,0.0022422,0.0025669,0.058584,0.043864,0.048084,0.012662,0.0051638,0.054862,0.15022,0.041023,0.034174,0.013734
TSV23,0.0012921,0.00029016,0.0015269,0.00010205,0.0010926,0.0025789,0.00057984,0.00083931,0.00056792,0.0026165,0.0030456,0.011686,0.017962,0.011586,0.0029151,0.017918,0.047685,0.041795,0.047661,0.017637,0.041337,0.041023,0.13546,0.040769,0.04046
TSV24,0.0014935,0.00038404,0.00013542,-0.00045978,0.0031638,0.0017327,4.9E-07,0.00049552,0.0012043,0.005333,0.0026525,0.0022809,0.011221,0.018756,0.017247,0.00536,0.012544,0.048064,0.04417,0.058575,0.014252,0.034174,0.040769,0.15257,0.052772
TSV25,0.0017497,0.0013064,0.0010081,0.0028003,0.010327,0.0013204,-4.1828E-06,-0.00061214,0.0015039,0.013641,0.00095186,-0.00060083,0.0010866,0.013675,0.04079,0.0030501,0.0016028,0.013797,0.057603,0.051465,0.010363,0.013734,0.04046,0.052772,0.24931

