Design Variation:  d_min='2um' diff_depth='1um' l_tsv='50um' metal_depth='0.3um' r_tsv='0.5um' ring_distance='3um' substrate_length='28um' t_ox='0.1um' t_ring='2um' tie_size='1um' w_dep='0.65588um'
Setup1:LastAdaptive
Problem Type:  C
C Units:farad, G Units:mSie
Reduce Matrix:  Original
Frequency:  6GHz

Capacitance Matrix
,TSV1,TSV2,TSV3,TSV4,TSV5,TSV6,TSV7,TSV8,TSV9,TSV10,TSV11,TSV12,TSV13,TSV14,TSV15,TSV16,TSV17,TSV18,TSV19,TSV20,TSV21,TSV22,TSV23,TSV24,TSV25,
TSV1,1.7707E-14,-4.8908E-15,-1.017E-15,-5.7047E-16,-5.7454E-16,-4.8993E-15,-1.118E-15,-8.0799E-17,-2.386E-17,-1.3158E-16,-1.016E-15,-7.2589E-17,-3.8333E-18,-1.1917E-17,-7.0807E-17,-5.7427E-16,-2.5126E-17,-1.6767E-17,-1.4845E-17,-5.4023E-17,-5.6911E-16,-1.2872E-16,-6.8399E-17,-5.4063E-17,-1.0354E-16
TSV2,-4.8908E-15,1.8696E-14,-4.5412E-15,-8.1737E-16,-5.8521E-16,-1.3704E-15,-3.6249E-15,-1.0679E-15,-1.2856E-16,-1.0786E-16,-2.2223E-16,-8.6261E-17,-4.441E-17,-1.47E-17,-7.1252E-17,-1.3182E-16,-9.2196E-18,-3.7687E-18,0,-4.0326E-17,-1.3679E-16,-2.5068E-17,-1.1345E-17,-1.5759E-17,-5.4184E-17
TSV3,-1.017E-15,-4.5412E-15,1.8766E-14,-4.5058E-15,-1.0209E-15,-2.2994E-16,-1.0657E-15,-3.6427E-15,-1.0553E-15,-2.3967E-16,-9.3447E-17,-4.649E-17,-8.7228E-17,-5.3596E-17,-9.0421E-17,-5.5558E-17,-5.3976E-18,-1.1598E-17,-9.7887E-18,-5.7717E-17,-6.9131E-17,-1.4791E-17,-8.3964E-18,-1.6025E-17,-6.9873E-17
TSV4,-5.7047E-16,-8.1737E-16,-4.5058E-15,1.8632E-14,-4.8525E-15,-1.2287E-16,-1.2872E-16,-1.0485E-15,-3.6051E-15,-1.3525E-15,-5.7269E-17,-1.7113E-17,-4.5608E-17,-8.9667E-17,-2.1337E-16,-4.6971E-17,-9.2904E-18,-1.8992E-18,-6.3604E-18,-1.2787E-16,-5.5994E-17,-1.7517E-17,-1.3417E-17,-2.6926E-17,-1.3173E-16
TSV5,-5.7454E-16,-5.8521E-16,-1.0209E-15,-4.8525E-15,1.7724E-14,-1.3585E-16,-2.9166E-17,-8.1282E-17,-1.1191E-15,-4.9144E-15,-7.0796E-17,-1.4977E-17,-6.4705E-18,-6.7896E-17,-1.0036E-15,-5.5015E-17,-1.2117E-17,-9.497E-18,-3.138E-17,-5.8346E-16,-1.0311E-16,-6.0299E-17,-7.1131E-17,-1.3129E-16,-5.5678E-16
TSV6,-4.8993E-15,-1.3704E-15,-2.2994E-16,-1.2287E-16,-1.3585E-16,1.8696E-14,-3.6272E-15,-8.0483E-17,-1.3054E-17,-2.4478E-17,-4.5452E-15,-1.0626E-15,-3.5394E-17,-4.622E-18,-9.7492E-18,-8.0008E-16,-1.3047E-16,-8.7085E-18,-1.3842E-18,-1.266E-17,-5.9546E-16,-1.114E-16,-6.2094E-17,-3.7349E-17,-4.7002E-17
TSV7,-1.118E-15,-3.6249E-15,-1.0657E-15,-1.2872E-16,-2.9166E-17,-3.6272E-15,1.931E-14,-3.6035E-15,-1.0237E-16,-1.0397E-17,-1.0566E-15,-3.5941E-15,-1.0404E-15,-2.2201E-17,-1.9916E-17,-1.3197E-16,-9.435E-17,-2.4324E-17,-2.2122E-17,-1.0786E-17,-1.9247E-17,-1.3545E-17,-1.747E-17,-8.7083E-18,-1.4759E-17
TSV8,-8.0799E-17,-1.0679E-15,-3.6427E-15,-1.0485E-15,-8.1282E-17,-8.0483E-17,-3.6035E-15,1.9294E-14,-3.5843E-15,-8.9844E-17,-4.0948E-17,-1.044E-15,-3.5998E-15,-1.0371E-15,-3.7242E-17,-2.2881E-17,-4.1614E-17,-4.7525E-17,-6.3918E-17,-2.9535E-17,-2.0769E-17,-1.551E-17,-1.7223E-17,-6.5505E-18,-7.0404E-18
TSV9,-2.386E-17,-1.2856E-16,-1.0553E-15,-3.6051E-15,-1.1191E-15,-1.3054E-17,-1.0237E-16,-3.5843E-15,1.9186E-14,-3.6217E-15,-8.4117E-18,-3.7521E-17,-1.0458E-15,-3.5384E-15,-1.0611E-15,-6.2345E-18,0,-5.6535E-17,-8.1917E-17,-1.1113E-16,-1.4382E-17,-6.6361E-18,-9.2123E-18,-2.5395E-17,-2.5796E-17
TSV10,-1.3158E-16,-1.0786E-16,-2.3967E-16,-1.3525E-15,-4.9144E-15,-2.4478E-17,-1.0397E-17,-8.9844E-17,-3.6217E-15,1.8654E-14,-1.3462E-17,-1.9211E-17,-3.5267E-17,-1.0563E-15,-4.5589E-15,-1.5381E-17,-1.8108E-17,-2.5288E-17,-8.9269E-17,-7.9137E-16,-6.0183E-17,-4.3394E-17,-4.7612E-17,-1.2163E-16,-5.9811E-16
TSV11,-1.016E-15,-2.2223E-16,-9.3447E-17,-5.7269E-17,-7.0796E-17,-4.5452E-15,-1.0566E-15,-4.0948E-17,-8.4117E-18,-1.3462E-17,1.8628E-14,-3.612E-15,-8.5632E-17,-8.1978E-18,-5.7993E-18,-4.4836E-15,-1.0449E-15,-4.5939E-17,-1.0357E-17,-1.2662E-17,-1.0147E-15,-2.229E-16,-8.1325E-17,-5.5203E-17,-6.4481E-17
TSV12,-7.2589E-17,-8.6261E-17,-4.649E-17,-1.7113E-17,-1.4977E-17,-1.0626E-15,-3.5941E-15,-1.044E-15,-3.7521E-17,-1.9211E-17,-3.612E-15,1.9184E-14,-3.5788E-15,-7.0713E-17,-1.1332E-17,-1.0487E-15,-3.5481E-15,-1.0379E-15,-4.4932E-17,-2.3714E-18,-7.3947E-17,-8.8571E-17,-3.8519E-17,-1.7399E-17,-3.1515E-18
TSV13,-3.8333E-18,-4.441E-17,-8.7228E-17,-4.5608E-17,-6.4705E-18,-3.5394E-17,-1.0404E-15,-3.5998E-15,-1.0458E-15,-3.5267E-17,-8.5632E-17,-3.5788E-15,1.9169E-14,-3.5571E-15,-7.7404E-17,-3.4777E-17,-1.0421E-15,-3.5601E-15,-1.0168E-15,-3.3283E-17,-8.8497E-18,-3.6321E-17,-7.0707E-17,-3.4124E-17,-2.4129E-17
TSV14,-1.1917E-17,-1.47E-17,-5.3596E-17,-8.9667E-17,-6.7896E-17,-4.622E-18,-2.2201E-17,-1.0371E-15,-3.5384E-15,-1.0563E-15,-8.1978E-18,-7.0713E-17,-3.5571E-15,1.9093E-14,-3.5881E-15,-3.3371E-18,-4.878E-17,-1.0387E-15,-3.5568E-15,-1.0594E-15,-7.4001E-18,-2.013E-17,-4.3547E-17,-8.0232E-17,-7.2357E-17
TSV15,-7.0807E-17,-7.1252E-17,-9.0421E-17,-2.1337E-16,-1.0036E-15,-9.7492E-18,-1.9916E-17,-3.7242E-17,-1.0611E-15,-4.5589E-15,-5.7993E-18,-1.1332E-17,-7.7404E-17,-3.5881E-15,1.8579E-14,-1.0248E-17,-6.7906E-18,-4.0786E-17,-1.0511E-15,-4.4676E-15,-6.5838E-17,-5.0977E-17,-9.7439E-17,-2.184E-16,-1.0047E-15
TSV16,-5.7427E-16,-1.3182E-16,-5.5558E-17,-4.6971E-17,-5.5015E-17,-8.0008E-16,-1.3197E-16,-2.2881E-17,-6.2345E-18,-1.5381E-17,-4.4836E-15,-1.0487E-15,-3.4777E-17,-3.3371E-18,-1.0248E-17,1.8456E-14,-3.5736E-15,-7.7738E-17,-9.3954E-18,-2.3216E-17,-4.817E-15,-1.3533E-15,-2.1443E-16,-1.182E-16,-1.2563E-16
TSV17,-2.5126E-17,-9.2196E-18,-5.3976E-18,-9.2904E-18,-1.2117E-17,-1.3047E-16,-9.435E-17,-4.1614E-17,0,-1.8108E-17,-1.0449E-15,-3.5481E-15,-1.0421E-15,-4.878E-17,-6.7906E-18,-3.5736E-15,1.9042E-14,-3.5415E-15,-8.9772E-17,-2.1075E-17,-1.1099E-15,-3.5707E-15,-1.0582E-15,-1.0404E-16,-2.646E-17
TSV18,-1.6767E-17,-3.7687E-18,-1.1598E-17,-1.8992E-18,-9.497E-18,-8.7085E-18,-2.4324E-17,-4.7525E-17,-5.6535E-17,-2.5288E-17,-4.5939E-17,-1.0379E-15,-3.5601E-15,-1.0387E-15,-4.0786E-17,-7.7738E-17,-3.5415E-15,1.9047E-14,-3.5229E-15,-8.1095E-17,-7.0219E-17,-1.0636E-15,-3.5779E-15,-1.043E-15,-7.5426E-17
TSV19,-1.4845E-17,0,-9.7887E-18,-6.3604E-18,-3.138E-17,-1.3842E-18,-2.2122E-17,-6.3918E-17,-8.1917E-17,-8.9269E-17,-1.0357E-17,-4.4932E-17,-1.0168E-15,-3.5568E-15,-1.0511E-15,-9.3954E-18,-8.9772E-17,-3.5229E-15,1.9101E-14,-3.6211E-15,-2.8473E-17,-9.2679E-17,-1.0653E-15,-3.5903E-15,-1.1049E-15
TSV20,-5.4023E-17,-4.0326E-17,-5.7717E-17,-1.2787E-16,-5.8346E-16,-1.266E-17,-1.0786E-17,-2.9535E-17,-1.1113E-16,-7.9137E-16,-1.2662E-17,-2.3714E-18,-3.3283E-17,-1.0594E-15,-4.4676E-15,-2.3216E-17,-2.1075E-17,-8.1095E-17,-3.6211E-15,1.8556E-14,-1.2744E-16,-1.097E-16,-2.266E-16,-1.3506E-15,-4.8622E-15
TSV21,-5.6911E-16,-1.3679E-16,-6.9131E-17,-5.5994E-17,-1.0311E-16,-5.9546E-16,-1.9247E-17,-2.0769E-17,-1.4382E-17,-6.0183E-17,-1.0147E-15,-7.3947E-17,-8.8497E-18,-7.4001E-18,-6.5838E-17,-4.817E-15,-1.1099E-15,-7.0219E-17,-2.8473E-17,-1.2744E-16,1.7586E-14,-4.8228E-15,-1.0026E-15,-5.8432E-16,-5.5499E-16
TSV22,-1.2872E-16,-2.5068E-17,-1.4791E-17,-1.7517E-17,-6.0299E-17,-1.114E-16,-1.3545E-17,-1.551E-17,-6.6361E-18,-4.3394E-17,-2.229E-16,-8.8571E-17,-3.6321E-17,-2.013E-17,-5.0977E-17,-1.3533E-15,-3.5707E-15,-1.0636E-15,-9.2679E-17,-1.097E-16,-4.8228E-15,1.8448E-14,-4.4826E-15,-7.9454E-16,-5.9753E-16
TSV23,-6.8399E-17,-1.1345E-17,-8.3964E-18,-1.3417E-17,-7.1131E-17,-6.2094E-17,-1.747E-17,-1.7223E-17,-9.2123E-18,-4.7612E-17,-8.1325E-17,-3.8519E-17,-7.0707E-17,-4.3547E-17,-9.7439E-17,-2.1443E-16,-1.0582E-15,-3.5779E-15,-1.0653E-15,-2.266E-16,-1.0026E-15,-4.4826E-15,1.8502E-14,-4.4691E-15,-1.0159E-15
TSV24,-5.4063E-17,-1.5759E-17,-1.6025E-17,-2.6926E-17,-1.3129E-16,-3.7349E-17,-8.7083E-18,-6.5505E-18,-2.5395E-17,-1.2163E-16,-5.5203E-17,-1.7399E-17,-3.4124E-17,-8.0232E-17,-2.184E-16,-1.182E-16,-1.0404E-16,-1.043E-15,-3.5903E-15,-1.3506E-15,-5.8432E-16,-7.9454E-16,-4.4691E-15,1.8492E-14,-4.8649E-15
TSV25,-1.0354E-16,-5.4184E-17,-6.9873E-17,-1.3173E-16,-5.5678E-16,-4.7002E-17,-1.4759E-17,-7.0404E-18,-2.5796E-17,-5.9811E-16,-6.4481E-17,-3.1515E-18,-2.4129E-17,-7.2357E-17,-1.0047E-15,-1.2563E-16,-2.646E-17,-7.5426E-17,-1.1049E-15,-4.8622E-15,-5.5499E-16,-5.9753E-16,-1.0159E-15,-4.8649E-15,1.7682E-14

Capacitance Matrix Coupling Coefficient
,TSV1,TSV2,TSV3,TSV4,TSV5,TSV6,TSV7,TSV8,TSV9,TSV10,TSV11,TSV12,TSV13,TSV14,TSV15,TSV16,TSV17,TSV18,TSV19,TSV20,TSV21,TSV22,TSV23,TSV24,TSV25,
TSV1,1,0.2688,0.055791,0.031408,0.032432,0.26927,0.060464,0.0043714,0.0012945,0.0072398,0.055944,0.0039385,0.00020807,0.00064815,0.0039039,0.031767,0.0013684,0.00091298,0.0008072,0.0029803,0.032251,0.0071222,0.0037789,0.0029877,0.0058515
TSV2,0.2688,1,0.24244,0.043794,0.032148,0.0733,0.19078,0.056225,0.0067882,0.0057755,0.011908,0.0045547,0.0023459,0.00077802,0.003823,0.0070964,0.00048862,0.00019971,0,0.002165,0.0075439,0.0013498,0.00060996,0.00084754,0.0029801
TSV3,0.055791,0.24244,1,0.24097,0.055975,0.012276,0.055985,0.19144,0.055618,0.01281,0.004998,0.0024502,0.0045991,0.0028314,0.0048425,0.0029853,0.00028553,0.00061347,0.00051702,0.0030929,0.0038054,0.00079494,0.00045061,0.00086024,0.0038358
TSV4,0.031408,0.043794,0.24097,1,0.26703,0.0065833,0.006786,0.0553,0.19068,0.072551,0.0030741,0.00090517,0.0024133,0.0047541,0.011468,0.002533,0.00049323,0.00010082,0.00033715,0.0068773,0.0030934,0.00094486,0.00072264,0.0014506,0.0072576
TSV5,0.032432,0.032148,0.055975,0.26703,1,0.007463,0.0015765,0.0043954,0.060689,0.27028,0.0038963,0.0008122,0.00035105,0.0036909,0.055305,0.0030419,0.00065954,0.00051688,0.0017055,0.032173,0.0058404,0.0033347,0.003928,0.007252,0.031452
TSV6,0.26927,0.0733,0.012276,0.0065833,0.007463,1,0.1909,0.0042375,0.00068924,0.0013107,0.24355,0.056105,0.0018696,0.00024464,0.0005231,0.043071,0.006915,0.00046148,7.3247E-05,0.00067969,0.032839,0.0059984,0.0033386,0.0020087,0.0025851
TSV7,0.060464,0.19078,0.055985,0.006786,0.0015765,0.1909,1,0.18669,0.0053187,0.00054783,0.055712,0.18673,0.054075,0.0011562,0.0010515,0.0069906,0.0049203,0.0012683,0.0011519,0.00056982,0.0010445,0.00071763,0.00092425,0.00046084,0.00079875
TSV8,0.0043714,0.056225,0.19144,0.0553,0.0043954,0.0042375,0.18669,1,0.1863,0.0047357,0.0021599,0.054263,0.18718,0.054036,0.001967,0.0012125,0.002171,0.0024791,0.0033295,0.0015609,0.0011275,0.0008221,0.00091157,0.00034679,0.00038117
TSV9,0.0012945,0.0067882,0.055618,0.19068,0.060689,0.00068924,0.0053187,0.1863,1,0.19144,0.00044495,0.0019557,0.054531,0.18488,0.056201,0.00033132,0,0.0029574,0.0042791,0.0058897,0.00078299,0.00035273,0.00048896,0.0013482,0.0014006
TSV10,0.0072398,0.0057755,0.01281,0.072551,0.27028,0.0013107,0.00054783,0.0047357,0.19144,1,0.00072219,0.0010155,0.0018651,0.05597,0.24489,0.00082897,0.00096077,0.0013416,0.0047292,0.042536,0.0033228,0.0023392,0.0025629,0.0065487,0.032933
TSV11,0.055944,0.011908,0.004998,0.0030741,0.0038963,0.24355,0.055712,0.0021599,0.00044495,0.00072219,1,0.19107,0.0045317,0.00043469,0.00031174,0.24181,0.055482,0.0024389,0.00054906,0.00068103,0.056062,0.012024,0.0043806,0.0029744,0.003553
TSV12,0.0039385,0.0045547,0.0024502,0.00090517,0.0008122,0.056105,0.18673,0.054263,0.0019557,0.0010155,0.19107,1,0.18662,0.0036948,0.00060025,0.05573,0.18564,0.054294,0.0023472,0.00012569,0.0040259,0.0047081,0.0020445,0.00092377,0.00017111
TSV13,0.00020807,0.0023459,0.0045991,0.0024133,0.00035105,0.0018696,0.054075,0.18718,0.054531,0.0018651,0.0045317,0.18662,1,0.18594,0.0041017,0.001849,0.054543,0.18632,0.053136,0.0017648,0.000482,0.0019315,0.0037545,0.0018125,0.0013106
TSV14,0.00064815,0.00077802,0.0028314,0.0047541,0.0036909,0.00024464,0.0011562,0.054036,0.18488,0.05597,0.00043469,0.0036948,0.18594,1,0.19051,0.00017777,0.0025583,0.054468,0.18625,0.056283,0.00040384,0.0010726,0.0023169,0.0042699,0.003938
TSV15,0.0039039,0.003823,0.0048425,0.011468,0.055305,0.0005231,0.0010515,0.001967,0.056201,0.24489,0.00031174,0.00060025,0.0041017,0.19051,1,0.00055341,0.00036103,0.0021682,0.055797,0.24062,0.0036424,0.0027535,0.0052555,0.011783,0.055431
TSV16,0.031767,0.0070964,0.0029853,0.002533,0.0030419,0.043071,0.0069906,0.0012125,0.00033132,0.00082897,0.24181,0.05573,0.001849,0.00017777,0.00055341,1,0.19063,0.0041462,0.0005004,0.0012545,0.26738,0.073342,0.011604,0.0063983,0.0069542
TSV17,0.0013684,0.00048862,0.00028553,0.00049323,0.00065954,0.006915,0.0049203,0.002171,0,0.00096077,0.055482,0.18564,0.054543,0.0025583,0.00036103,0.19063,1,0.18596,0.0047071,0.0011212,0.060654,0.19051,0.056379,0.0055441,0.001442
TSV18,0.00091298,0.00019971,0.00061347,0.00010082,0.00051688,0.00046148,0.0012683,0.0024791,0.0029574,0.0013416,0.0024389,0.054294,0.18632,0.054468,0.0021682,0.0041462,0.18596,1,0.18469,0.0043135,0.0038367,0.05674,0.19059,0.055575,0.0041099
TSV19,0.0008072,0,0.00051702,0.00033715,0.0017055,7.3247E-05,0.0011519,0.0033295,0.0042791,0.0047292,0.00054906,0.0023472,0.053136,0.18625,0.055797,0.0005004,0.0047071,0.18469,1,0.19234,0.0015535,0.0049371,0.056664,0.19103,0.060119
TSV20,0.0029803,0.002165,0.0030929,0.0068773,0.032173,0.00067969,0.00056982,0.0015609,0.0058897,0.042536,0.00068103,0.00012569,0.0017648,0.056283,0.24062,0.0012545,0.0011212,0.0043135,0.19234,1,0.0070546,0.0059292,0.012229,0.072908,0.26843
TSV21,0.032251,0.0075439,0.0038054,0.0030934,0.0058404,0.032839,0.0010445,0.0011275,0.00078299,0.0033228,0.056062,0.0040259,0.000482,0.00040384,0.0036424,0.26738,0.060654,0.0038367,0.0015535,0.0070546,1,0.26775,0.055581,0.032402,0.031473
TSV22,0.0071222,0.0013498,0.00079494,0.00094486,0.0033347,0.0059984,0.00071763,0.0008221,0.00035273,0.0023392,0.012024,0.0047081,0.0019315,0.0010726,0.0027535,0.073342,0.19051,0.05674,0.0049371,0.0059292,0.26775,1,0.24263,0.043018,0.033084
TSV23,0.0037789,0.00060996,0.00045061,0.00072264,0.003928,0.0033386,0.00092425,0.00091157,0.00048896,0.0025629,0.0043806,0.0020445,0.0037545,0.0023169,0.0052555,0.011604,0.056379,0.19059,0.056664,0.012229,0.055581,0.24263,1,0.24161,0.056166
TSV24,0.0029877,0.00084754,0.00086024,0.0014506,0.007252,0.0020087,0.00046084,0.00034679,0.0013482,0.0065487,0.0029744,0.00092377,0.0018125,0.0042699,0.011783,0.0063983,0.0055441,0.055575,0.19103,0.072908,0.032402,0.043018,0.24161,1,0.26904
TSV25,0.0058515,0.0029801,0.0038358,0.0072576,0.031452,0.0025851,0.00079875,0.00038117,0.0014006,0.032933,0.003553,0.00017111,0.0013106,0.003938,0.055431,0.0069542,0.001442,0.0041099,0.060119,0.26843,0.031473,0.033084,0.056166,0.26904,1

Spice Capacitance Matrix
,TSV1,TSV2,TSV3,TSV4,TSV5,TSV6,TSV7,TSV8,TSV9,TSV10,TSV11,TSV12,TSV13,TSV14,TSV15,TSV16,TSV17,TSV18,TSV19,TSV20,TSV21,TSV22,TSV23,TSV24,TSV25,
TSV1,1.6162E-15,4.8908E-15,1.017E-15,5.7047E-16,5.7454E-16,4.8993E-15,1.118E-15,8.0799E-17,2.386E-17,1.3158E-16,1.016E-15,7.2589E-17,3.8333E-18,1.1917E-17,7.0807E-17,5.7427E-16,2.5126E-17,1.6767E-17,1.4845E-17,5.4023E-17,5.6911E-16,1.2872E-16,6.8399E-17,5.4063E-17,1.0354E-16
TSV2,4.8908E-15,6.9494E-16,4.5412E-15,8.1737E-16,5.8521E-16,1.3704E-15,3.6249E-15,1.0679E-15,1.2856E-16,1.0786E-16,2.2223E-16,8.6261E-17,4.441E-17,1.47E-17,7.1252E-17,1.3182E-16,9.2196E-18,3.7687E-18,-0,4.0326E-17,1.3679E-16,2.5068E-17,1.1345E-17,1.5759E-17,5.4184E-17
TSV3,1.017E-15,4.5412E-15,7.5843E-16,4.5058E-15,1.0209E-15,2.2994E-16,1.0657E-15,3.6427E-15,1.0553E-15,2.3967E-16,9.3447E-17,4.649E-17,8.7228E-17,5.3596E-17,9.0421E-17,5.5558E-17,5.3976E-18,1.1598E-17,9.7887E-18,5.7717E-17,6.9131E-17,1.4791E-17,8.3964E-18,1.6025E-17,6.9873E-17
TSV4,5.7047E-16,8.1737E-16,4.5058E-15,7.6672E-16,4.8525E-15,1.2287E-16,1.2872E-16,1.0485E-15,3.6051E-15,1.3525E-15,5.7269E-17,1.7113E-17,4.5608E-17,8.9667E-17,2.1337E-16,4.6971E-17,9.2904E-18,1.8992E-18,6.3604E-18,1.2787E-16,5.5994E-17,1.7517E-17,1.3417E-17,2.6926E-17,1.3173E-16
TSV5,5.7454E-16,5.8521E-16,1.0209E-15,4.8525E-15,1.6329E-15,1.3585E-16,2.9166E-17,8.1282E-17,1.1191E-15,4.9144E-15,7.0796E-17,1.4977E-17,6.4705E-18,6.7896E-17,1.0036E-15,5.5015E-17,1.2117E-17,9.497E-18,3.138E-17,5.8346E-16,1.0311E-16,6.0299E-17,7.1131E-17,1.3129E-16,5.5678E-16
TSV6,4.8993E-15,1.3704E-15,2.2994E-16,1.2287E-16,1.3585E-16,7.2841E-16,3.6272E-15,8.0483E-17,1.3054E-17,2.4478E-17,4.5452E-15,1.0626E-15,3.5394E-17,4.622E-18,9.7492E-18,8.0008E-16,1.3047E-16,8.7085E-18,1.3842E-18,1.266E-17,5.9546E-16,1.114E-16,6.2094E-17,3.7349E-17,4.7002E-17
TSV7,1.118E-15,3.6249E-15,1.0657E-15,1.2872E-16,2.9166E-17,3.6272E-15,-9.0452E-17,3.6035E-15,1.0237E-16,1.0397E-17,1.0566E-15,3.5941E-15,1.0404E-15,2.2201E-17,1.9916E-17,1.3197E-16,9.435E-17,2.4324E-17,2.2122E-17,1.0786E-17,1.9247E-17,1.3545E-17,1.747E-17,8.7083E-18,1.4759E-17
TSV8,8.0799E-17,1.0679E-15,3.6427E-15,1.0485E-15,8.1282E-17,8.0483E-17,3.6035E-15,-1.664E-17,3.5843E-15,8.9844E-17,4.0948E-17,1.044E-15,3.5998E-15,1.0371E-15,3.7242E-17,2.2881E-17,4.1614E-17,4.7525E-17,6.3918E-17,2.9535E-17,2.0769E-17,1.551E-17,1.7223E-17,6.5505E-18,7.0404E-18
TSV9,2.386E-17,1.2856E-16,1.0553E-15,3.6051E-15,1.1191E-15,1.3054E-17,1.0237E-16,3.5843E-15,-9.6177E-17,3.6217E-15,8.4117E-18,3.7521E-17,1.0458E-15,3.5384E-15,1.0611E-15,6.2345E-18,-0,5.6535E-17,8.1917E-17,1.1113E-16,1.4382E-17,6.6361E-18,9.2123E-18,2.5395E-17,2.5796E-17
TSV10,1.3158E-16,1.0786E-16,2.3967E-16,1.3525E-15,4.9144E-15,2.4478E-17,1.0397E-17,8.9844E-17,3.6217E-15,6.6788E-16,1.3462E-17,1.9211E-17,3.5267E-17,1.0563E-15,4.5589E-15,1.5381E-17,1.8108E-17,2.5288E-17,8.9269E-17,7.9137E-16,6.0183E-17,4.3394E-17,4.7612E-17,1.2163E-16,5.9811E-16
TSV11,1.016E-15,2.2223E-16,9.3447E-17,5.7269E-17,7.0796E-17,4.5452E-15,1.0566E-15,4.0948E-17,8.4117E-18,1.3462E-17,7.5546E-16,3.612E-15,8.5632E-17,8.1978E-18,5.7993E-18,4.4836E-15,1.0449E-15,4.5939E-17,1.0357E-17,1.2662E-17,1.0147E-15,2.229E-16,8.1325E-17,5.5203E-17,6.4481E-17
TSV12,7.2589E-17,8.6261E-17,4.649E-17,1.7113E-17,1.4977E-17,1.0626E-15,3.5941E-15,1.044E-15,3.7521E-17,1.9211E-17,3.612E-15,1.3056E-17,3.5788E-15,7.0713E-17,1.1332E-17,1.0487E-15,3.5481E-15,1.0379E-15,4.4932E-17,2.3714E-18,7.3947E-17,8.8571E-17,3.8519E-17,1.7399E-17,3.1515E-18
TSV13,3.8333E-18,4.441E-17,8.7228E-17,4.5608E-17,6.4705E-18,3.5394E-17,1.0404E-15,3.5998E-15,1.0458E-15,3.5267E-17,8.5632E-17,3.5788E-15,6.444E-17,3.5571E-15,7.7404E-17,3.4777E-17,1.0421E-15,3.5601E-15,1.0168E-15,3.3283E-17,8.8497E-18,3.6321E-17,7.0707E-17,3.4124E-17,2.4129E-17
TSV14,1.1917E-17,1.47E-17,5.3596E-17,8.9667E-17,6.7896E-17,4.622E-18,2.2201E-17,1.0371E-15,3.5384E-15,1.0563E-15,8.1978E-18,7.0713E-17,3.5571E-15,4.1762E-17,3.5881E-15,3.3371E-18,4.878E-17,1.0387E-15,3.5568E-15,1.0594E-15,7.4001E-18,2.013E-17,4.3547E-17,8.0232E-17,7.2357E-17
TSV15,7.0807E-17,7.1252E-17,9.0421E-17,2.1337E-16,1.0036E-15,9.7492E-18,1.9916E-17,3.7242E-17,1.0611E-15,4.5589E-15,5.7993E-18,1.1332E-17,7.7404E-17,3.5881E-15,7.4587E-16,1.0248E-17,6.7906E-18,4.0786E-17,1.0511E-15,4.4676E-15,6.5838E-17,5.0977E-17,9.7439E-17,2.184E-16,1.0047E-15
TSV16,5.7427E-16,1.3182E-16,5.5558E-17,4.6971E-17,5.5015E-17,8.0008E-16,1.3197E-16,2.2881E-17,6.2345E-18,1.5381E-17,4.4836E-15,1.0487E-15,3.4777E-17,3.3371E-18,1.0248E-17,7.2263E-16,3.5736E-15,7.7738E-17,9.3954E-18,2.3216E-17,4.817E-15,1.3533E-15,2.1443E-16,1.182E-16,1.2563E-16
TSV17,2.5126E-17,9.2196E-18,5.3976E-18,9.2904E-18,1.2117E-17,1.3047E-16,9.435E-17,4.1614E-17,-0,1.8108E-17,1.0449E-15,3.5481E-15,1.0421E-15,4.878E-17,6.7906E-18,3.5736E-15,-8.9642E-17,3.5415E-15,8.9772E-17,2.1075E-17,1.1099E-15,3.5707E-15,1.0582E-15,1.0404E-16,2.646E-17
TSV18,1.6767E-17,3.7687E-18,1.1598E-17,1.8992E-18,9.497E-18,8.7085E-18,2.4324E-17,4.7525E-17,5.6535E-17,2.5288E-17,4.5939E-17,1.0379E-15,3.5601E-15,1.0387E-15,4.0786E-17,7.7738E-17,3.5415E-15,6.4621E-17,3.5229E-15,8.1095E-17,7.0219E-17,1.0636E-15,3.5779E-15,1.043E-15,7.5426E-17
TSV19,1.4845E-17,-0,9.7887E-18,6.3604E-18,3.138E-17,1.3842E-18,2.2122E-17,6.3918E-17,8.1917E-17,8.9269E-17,1.0357E-17,4.4932E-17,1.0168E-15,3.5568E-15,1.0511E-15,9.3954E-18,8.9772E-17,3.5229E-15,-2.4288E-17,3.6211E-15,2.8473E-17,9.2679E-17,1.0653E-15,3.5903E-15,1.1049E-15
TSV20,5.4023E-17,4.0326E-17,5.7717E-17,1.2787E-16,5.8346E-16,1.266E-17,1.0786E-17,2.9535E-17,1.1113E-16,7.9137E-16,1.2662E-17,2.3714E-18,3.3283E-17,1.0594E-15,4.4676E-15,2.3216E-17,2.1075E-17,8.1095E-17,3.6211E-15,7.389E-16,1.2744E-16,1.097E-16,2.266E-16,1.3506E-15,4.8622E-15
TSV21,5.6911E-16,1.3679E-16,6.9131E-17,5.5994E-17,1.0311E-16,5.9546E-16,1.9247E-17,2.0769E-17,1.4382E-17,6.0183E-17,1.0147E-15,7.3947E-17,8.8497E-18,7.4001E-18,6.5838E-17,4.817E-15,1.1099E-15,7.0219E-17,2.8473E-17,1.2744E-16,1.6535E-15,4.8228E-15,1.0026E-15,5.8432E-16,5.5499E-16
TSV22,1.2872E-16,2.5068E-17,1.4791E-17,1.7517E-17,6.0299E-17,1.114E-16,1.3545E-17,1.551E-17,6.6361E-18,4.3394E-17,2.229E-16,8.8571E-17,3.6321E-17,2.013E-17,5.0977E-17,1.3533E-15,3.5707E-15,1.0636E-15,9.2679E-17,1.097E-16,4.8228E-15,7.0492E-16,4.4826E-15,7.9454E-16,5.9753E-16
TSV23,6.8399E-17,1.1345E-17,8.3964E-18,1.3417E-17,7.1131E-17,6.2094E-17,1.747E-17,1.7223E-17,9.2123E-18,4.7612E-17,8.1325E-17,3.8519E-17,7.0707E-17,4.3547E-17,9.7439E-17,2.1443E-16,1.0582E-15,3.5779E-15,1.0653E-15,2.266E-16,1.0026E-15,4.4826E-15,7.3165E-16,4.4691E-15,1.0159E-15
TSV24,5.4063E-17,1.5759E-17,1.6025E-17,2.6926E-17,1.3129E-16,3.7349E-17,8.7083E-18,6.5505E-18,2.5395E-17,1.2163E-16,5.5203E-17,1.7399E-17,3.4124E-17,8.0232E-17,2.184E-16,1.182E-16,1.0404E-16,1.043E-15,3.5903E-15,1.3506E-15,5.8432E-16,7.9454E-16,4.4691E-15,7.2405E-16,4.8649E-15
TSV25,1.0354E-16,5.4184E-17,6.9873E-17,1.3173E-16,5.5678E-16,4.7002E-17,1.4759E-17,7.0404E-18,2.5796E-17,5.9811E-16,6.4481E-17,3.1515E-18,2.4129E-17,7.2357E-17,1.0047E-15,1.2563E-16,2.646E-17,7.5426E-17,1.1049E-15,4.8622E-15,5.5499E-16,5.9753E-16,1.0159E-15,4.8649E-15,1.6765E-15

Conductance Matrix
,TSV1,TSV2,TSV3,TSV4,TSV5,TSV6,TSV7,TSV8,TSV9,TSV10,TSV11,TSV12,TSV13,TSV14,TSV15,TSV16,TSV17,TSV18,TSV19,TSV20,TSV21,TSV22,TSV23,TSV24,TSV25,
TSV1,0.11678,0.019332,-0.0067588,-0.0091641,-0.011188,0.019073,-0.0010842,-3.6098E-05,-0.000771,-0.005554,-0.0072479,-0.00038137,0.00044789,-4.1761E-05,-0.0044435,-0.0097215,-0.0004788,0.00012833,-0.00016486,-0.0040949,-0.011844,-0.0054109,-0.0043601,-0.0039826,-0.0066384
TSV2,0.019332,0.056845,0.016467,-0.0061787,-0.0096411,-0.0065169,0.00072139,-0.0011947,-0.00077894,-0.0047954,-0.0053911,-0.0003256,0.00012165,-7.2914E-05,-0.0040649,-0.0045278,-3.8948E-05,0.00019849,-5.7979E-06,-0.0028889,-0.005305,-0.0020191,-0.0016219,-0.0017892,-0.0038135
TSV3,-0.0067588,0.016467,0.058187,0.016715,-0.0060087,-0.0056455,-0.0016993,0.0013121,-0.0013954,-0.0053647,-0.004438,-0.00021957,0.0002013,2.7707E-05,-0.0040965,-0.0035132,-2.366E-05,0.00023782,6.3099E-05,-0.0034181,-0.0043404,-0.0017923,-0.001485,-0.0017897,-0.0043964
TSV4,-0.0091641,-0.0061787,0.016715,0.055358,0.019089,-0.0044636,-0.00098935,-0.00094602,0.00092668,-0.0057298,-0.0034361,-0.00031701,0.00013709,-0.00011401,-0.0047159,-0.0027927,-9.5108E-05,0.0002235,4.0743E-05,-0.0043169,-0.0037568,-0.0017721,-0.0016572,-0.0020867,-0.005192
TSV5,-0.011188,-0.0096411,-0.0060087,0.019089,0.11608,-0.005498,-0.00088092,0.00015334,-0.00064402,0.018611,-0.0045257,-0.00081993,0.000536,0.00011006,-0.0067041,-0.0040196,-0.00038483,0.0001088,-0.00031185,-0.0095376,-0.0063623,-0.0037694,-0.0043912,-0.0054702,-0.011894
TSV6,0.019073,-0.0065169,-0.0056455,-0.0044636,-0.005498,0.056,0.00019055,0.00028961,-0.00041325,-0.002265,0.015135,-0.001464,0.00061757,8.4596E-05,-0.0016409,-0.0063783,-0.00069706,0.00019761,-0.0001853,-0.0019097,-0.011085,-0.005154,-0.0040779,-0.0029525,-0.003979
TSV7,-0.0010842,0.00072139,-0.0016993,-0.00098935,-0.00088092,0.00019055,0.0069023,6.4779E-05,-0.00029403,-0.00064095,-0.0017501,1.0658E-05,-0.0016583,-0.00015503,-0.0011539,-0.00076102,-0.00020824,-8.9547E-05,-6.9164E-05,-0.0010357,-0.00098015,-0.00067855,-0.0010534,-0.000924,-0.0011466
TSV8,-3.6098E-05,-0.0011947,0.0013121,-0.00094602,0.00015334,0.00028961,6.4779E-05,0.0077583,0.00025008,0.00023124,0.00031641,-0.0016553,7.3724E-05,-0.0016245,0.00043383,7.9235E-05,-5.1476E-05,-0.00014043,-0.00010392,0.00020678,-0.00083036,-0.00081569,-0.0005364,-0.00016877,0.00021359
TSV9,-0.000771,-0.00077894,-0.0013954,0.00092668,-0.00064402,-0.00041325,-0.00029403,0.00025008,0.0082397,0.0016222,-0.00045145,-0.00011297,-0.0016944,0.00013198,-0.00142,-0.00034106,5.7841E-07,-0.00011983,-0.0002372,-0.00066746,-0.0005772,-0.0004118,-0.00054502,-0.0010963,-0.0012007
TSV10,-0.005554,-0.0047954,-0.0053647,-0.0057298,0.018611,-0.002265,-0.00064095,0.00023124,0.0016222,0.056342,-0.0020456,-0.00076612,0.00054822,-0.00089862,0.015623,-0.0021055,-0.00042301,0.0001043,-0.00040353,-0.0061168,-0.0040329,-0.0021341,-0.0028274,-0.0045375,-0.010671
TSV11,-0.0072479,-0.0053911,-0.004438,-0.0034361,-0.0045257,0.015135,-0.0017501,0.00031641,-0.00045145,-0.0020456,0.055997,0.0010124,0.00071752,0.00015661,-0.0015503,0.015744,-0.0014733,0.00057255,-0.00029644,-0.0020049,-0.0072036,-0.0053391,-0.0039008,-0.0034225,-0.0045885
TSV12,-0.00038137,-0.0003256,-0.00021957,-0.00031701,-0.00081993,-0.001464,1.0658E-05,-0.0016553,-0.00011297,-0.00076612,0.0010124,0.0075028,0.00019124,-0.00018696,-0.00045695,-0.0012229,0.00021756,-0.0015253,-9.6246E-05,-9.9499E-05,-0.00011763,0.00020058,0.00050975,0.00025725,0.00027089
TSV13,0.00044789,0.00012165,0.0002013,0.00013709,0.000536,0.00061757,-0.0016583,7.3724E-05,-0.0016944,0.00054822,0.00071752,0.00019124,0.0074391,4.3519E-05,0.00052531,0.0007302,-0.0014826,0.00025187,-0.0014184,0.00059494,0.00099619,0.00076372,0.00078358,0.00078301,0.00050851
TSV14,-4.1761E-05,-7.2914E-05,2.7707E-05,-0.00011401,0.00011006,8.4596E-05,-0.00015503,-0.0016245,0.00013198,-0.00089862,0.00015661,-0.00018696,4.3519E-05,0.0069122,0.001038,0.00024393,-7.3699E-05,-0.0016286,0.0002128,-0.0007738,0.00029504,0.00025461,0.0003091,0.00049611,0.0003225
TSV15,-0.0044435,-0.0040649,-0.0040965,-0.0047159,-0.0067041,-0.0016409,-0.0011539,0.00043383,-0.00142,0.015623,-0.0015503,-0.00045695,0.00052531,0.001038,0.055809,-0.0018431,-0.00056448,0.00017106,-0.0012125,0.016074,-0.0043108,-0.0027184,-0.0047082,-0.0052252,-0.0076097
TSV16,-0.0097215,-0.0045278,-0.0035132,-0.0027927,-0.0040196,-0.0063783,-0.00076102,7.9235E-05,-0.00034106,-0.0021055,0.015744,-0.0012229,0.0007302,0.00024393,-0.0018431,0.056557,0.0013867,0.00066114,-0.00037264,-0.0025169,0.01916,-0.0066835,-0.0052889,-0.0048217,-0.005965
TSV17,-0.0004788,-3.8948E-05,-2.366E-05,-9.5108E-05,-0.00038483,-0.00069706,-0.00020824,-5.1476E-05,5.7841E-07,-0.00042301,-0.0014733,0.00021756,-0.0014826,-7.3699E-05,-0.00056448,0.0013867,0.008727,0.00085335,-0.00020207,-0.0011197,-0.00082183,0.0010496,-0.0013368,-0.00062647,-0.0012017
TSV18,0.00012833,0.00019849,0.00023782,0.0002235,0.0001088,0.00019761,-8.9547E-05,-0.00014043,-0.00011983,0.0001043,0.00057255,-0.0015253,0.00025187,-0.0016286,0.00017106,0.00066114,0.00085335,0.0080961,0.00019445,0.00018944,0.00035883,-0.00093086,0.0014657,-0.00088098,-0.00021104
TSV19,-0.00016486,-5.7979E-06,6.3099E-05,4.0743E-05,-0.00031185,-0.0001853,-6.9164E-05,-0.00010392,-0.0002372,-0.00040353,-0.00029644,-9.6246E-05,-0.0014184,0.0002128,-0.0012125,-0.00037264,-0.00020207,0.00019445,0.0081196,0.0019579,-0.00056657,-0.00041028,-0.0012091,0.0014765,0.00032259
TSV20,-0.0040949,-0.0028889,-0.0034181,-0.0043169,-0.0095376,-0.0019097,-0.0010357,0.00020678,-0.00066746,-0.0061168,-0.0020049,-9.9499E-05,0.00059494,-0.0007738,0.016074,-0.0025169,-0.0011197,0.00018944,0.0019579,0.057797,-0.0058886,-0.0046413,-0.0056841,-0.0065055,0.018578
TSV21,-0.011844,-0.005305,-0.0043404,-0.0037568,-0.0063623,-0.011085,-0.00098015,-0.00083036,-0.0005772,-0.0040329,-0.0072036,-0.00011763,0.00099619,0.00029504,-0.0043108,0.01916,-0.00082183,0.00035883,-0.00056657,-0.0058886,0.11893,0.018453,-0.0071433,-0.0099591,-0.012568
TSV22,-0.0054109,-0.0020191,-0.0017923,-0.0017721,-0.0037694,-0.005154,-0.00067855,-0.00081569,-0.0004118,-0.0021341,-0.0053391,0.00020058,0.00076372,0.00025461,-0.0027184,-0.0066835,0.0010496,-0.00093086,-0.00041028,-0.0046413,0.018453,0.055393,0.015681,-0.0058114,-0.010532
TSV23,-0.0043601,-0.0016219,-0.001485,-0.0016572,-0.0043912,-0.0040779,-0.0010534,-0.0005364,-0.00054502,-0.0028274,-0.0039008,0.00050975,0.00078358,0.0003091,-0.0047082,-0.0052889,-0.0013368,0.0014657,-0.0012091,-0.0056841,-0.0071433,0.015681,0.056783,0.016774,-0.0077561
TSV24,-0.0039826,-0.0017892,-0.0017897,-0.0020867,-0.0054702,-0.0029525,-0.000924,-0.00016877,-0.0010963,-0.0045375,-0.0034225,0.00025725,0.00078301,0.00049611,-0.0052252,-0.0048217,-0.00062647,-0.00088098,0.0014765,-0.0065055,-0.0099591,-0.0058114,0.016774,0.057931,0.019136
TSV25,-0.0066384,-0.0038135,-0.0043964,-0.005192,-0.011894,-0.003979,-0.0011466,0.00021359,-0.0012007,-0.010671,-0.0045885,0.00027089,0.00050851,0.0003225,-0.0076097,-0.005965,-0.0012017,-0.00021104,0.00032259,0.018578,-0.012568,-0.010532,-0.0077561,0.019136,0.1193

Conductance Matrix Coupling Coefficient
,TSV1,TSV2,TSV3,TSV4,TSV5,TSV6,TSV7,TSV8,TSV9,TSV10,TSV11,TSV12,TSV13,TSV14,TSV15,TSV16,TSV17,TSV18,TSV19,TSV20,TSV21,TSV22,TSV23,TSV24,TSV25,
TSV1,1,0.23726,0.081991,0.11398,0.096094,0.23585,0.038189,0.0011993,0.024855,0.06847,0.089628,0.012884,0.015196,0.0014698,0.055041,0.11962,0.014998,0.0041734,0.0053538,0.049843,0.1005,0.067276,0.053542,0.04842,0.056242
TSV2,0.23726,1,0.28633,0.11014,0.11869,0.11551,0.036419,0.056889,0.035991,0.084735,0.095555,0.015766,0.0059155,0.0036784,0.07217,0.079854,0.0017487,0.0092525,0.00026987,0.050401,0.06452,0.035981,0.028548,0.031179,0.046309
TSV3,0.081991,0.28633,1,0.29452,0.073114,0.0989,0.084794,0.061756,0.063728,0.093696,0.077749,0.010509,0.0096755,0.0013816,0.071888,0.061242,0.0010499,0.010957,0.002903,0.058941,0.052176,0.03157,0.025835,0.030826,0.052768
TSV4,0.11398,0.11014,0.29452,1,0.23814,0.080168,0.050613,0.045649,0.04339,0.1026,0.061715,0.015555,0.0067557,0.0058285,0.084845,0.049912,0.0043271,0.010557,0.0019218,0.076318,0.0463,0.032001,0.029558,0.036848,0.06389
TSV5,0.096094,0.11869,0.073114,0.23814,1,0.068193,0.031122,0.0051099,0.020824,0.23014,0.056134,0.027784,0.01824,0.0038857,0.083294,0.04961,0.012091,0.003549,0.010158,0.11644,0.05415,0.047009,0.054088,0.066708,0.10107
TSV6,0.23585,0.11551,0.0989,0.080168,0.068193,1,0.0096921,0.013894,0.019238,0.040323,0.27028,0.071423,0.030258,0.0042998,0.029352,0.11334,0.031531,0.0092805,0.0086897,0.033567,0.13583,0.092539,0.072317,0.051837,0.048682
TSV7,0.038189,0.036419,0.084794,0.050613,0.031122,0.0096921,1,0.0088523,0.038988,0.032502,0.08902,0.001481,0.23142,0.022445,0.05879,0.038517,0.02683,0.011979,0.0092387,0.051856,0.03421,0.034702,0.053208,0.046208,0.039959
TSV8,0.0011993,0.056889,0.061756,0.045649,0.0051099,0.013894,0.0088523,1,0.031278,0.01106,0.015181,0.21697,0.0097043,0.22184,0.020849,0.0037826,0.0062559,0.017719,0.013093,0.0097652,0.027336,0.039348,0.025556,0.007961,0.0070207
TSV9,0.024855,0.035991,0.063728,0.04339,0.020824,0.019238,0.038988,0.031278,1,0.075289,0.021017,0.014368,0.21643,0.017488,0.066218,0.015799,6.821E-05,0.014671,0.029,0.030585,0.018438,0.019275,0.025197,0.05018,0.038298
TSV10,0.06847,0.084735,0.093696,0.1026,0.23014,0.040323,0.032502,0.01106,0.075289,1,0.036419,0.037262,0.026778,0.045536,0.27861,0.037299,0.019076,0.0048837,0.018867,0.10719,0.049267,0.0382,0.049987,0.079422,0.13016
TSV11,0.089628,0.095555,0.077749,0.061715,0.056134,0.27028,0.08902,0.015181,0.021017,0.036419,1,0.04939,0.035155,0.0079606,0.027732,0.27977,0.066645,0.02689,0.013903,0.035242,0.088272,0.095865,0.069177,0.060091,0.056141
TSV12,0.012884,0.015766,0.010509,0.015555,0.027784,0.071423,0.001481,0.21697,0.014368,0.037262,0.04939,1,0.025598,0.025961,0.022331,0.059365,0.026886,0.19571,0.012331,0.0047781,0.003938,0.0098391,0.024696,0.012339,0.0090546
TSV13,0.015196,0.0059155,0.0096755,0.0067557,0.01824,0.030258,0.23142,0.0097043,0.21643,0.026778,0.035155,0.025598,1,0.0060689,0.025782,0.035599,0.184,0.032454,0.18251,0.028692,0.033492,0.037622,0.038125,0.037718,0.01707
TSV14,0.0014698,0.0036784,0.0013816,0.0058285,0.0038857,0.0042998,0.022445,0.22184,0.017488,0.045536,0.0079606,0.025961,0.0060689,1,0.052849,0.012337,0.009489,0.2177,0.028405,0.038714,0.01029,0.013012,0.015602,0.024792,0.011231
TSV15,0.055041,0.07217,0.071888,0.084845,0.083294,0.029352,0.05879,0.020849,0.066218,0.27861,0.027732,0.022331,0.025782,0.052849,1,0.032807,0.025578,0.0080475,0.056958,0.28302,0.052913,0.048893,0.083637,0.091895,0.093262
TSV16,0.11962,0.079854,0.061242,0.049912,0.04961,0.11334,0.038517,0.0037826,0.015799,0.037299,0.27977,0.059365,0.035599,0.012337,0.032807,1,0.062417,0.030897,0.017389,0.044023,0.23362,0.11941,0.093328,0.084237,0.07262
TSV17,0.014998,0.0017487,0.0010499,0.0043271,0.012091,0.031531,0.02683,0.0062559,6.821E-05,0.019076,0.066645,0.026886,0.184,0.009489,0.025578,0.062417,1,0.10152,0.024005,0.049854,0.02551,0.047737,0.06005,0.027862,0.037243
TSV18,0.0041734,0.0092525,0.010957,0.010557,0.003549,0.0092805,0.011979,0.017719,0.014671,0.0048837,0.02689,0.19571,0.032454,0.2177,0.0080475,0.030897,0.10152,1,0.023983,0.0087574,0.011564,0.043956,0.068361,0.040679,0.0067906
TSV19,0.0053538,0.00026987,0.002903,0.0019218,0.010158,0.0086897,0.0092387,0.013093,0.029,0.018867,0.013903,0.012331,0.18251,0.028405,0.056958,0.017389,0.024005,0.023983,1,0.090381,0.018232,0.019346,0.056309,0.068078,0.010365
TSV20,0.049843,0.050401,0.058941,0.076318,0.11644,0.033567,0.051856,0.0097652,0.030585,0.10719,0.035242,0.0047781,0.028692,0.038714,0.28302,0.044023,0.049854,0.0087574,0.090381,1,0.071026,0.082027,0.09922,0.11243,0.22373
TSV21,0.1005,0.06452,0.052176,0.0463,0.05415,0.13583,0.03421,0.027336,0.018438,0.049267,0.088272,0.003938,0.033492,0.01029,0.052913,0.23362,0.02551,0.011564,0.018232,0.071026,1,0.22735,0.086925,0.11998,0.10551
TSV22,0.067276,0.035981,0.03157,0.032001,0.047009,0.092539,0.034702,0.039348,0.019275,0.0382,0.095865,0.0098391,0.037622,0.013012,0.048893,0.11941,0.047737,0.043956,0.019346,0.082027,0.22735,1,0.2796,0.10259,0.12957
TSV23,0.053542,0.028548,0.025835,0.029558,0.054088,0.072317,0.053208,0.025556,0.025197,0.049987,0.069177,0.024696,0.038125,0.015602,0.083637,0.093328,0.06005,0.068361,0.056309,0.09922,0.086925,0.2796,1,0.29246,0.094237
TSV24,0.04842,0.031179,0.030826,0.036848,0.066708,0.051837,0.046208,0.007961,0.05018,0.079422,0.060091,0.012339,0.037718,0.024792,0.091895,0.084237,0.027862,0.040679,0.068078,0.11243,0.11998,0.10259,0.29246,1,0.23019
TSV25,0.056242,0.046309,0.052768,0.06389,0.10107,0.048682,0.039959,0.0070207,0.038298,0.13016,0.056141,0.0090546,0.01707,0.011231,0.093262,0.07262,0.037243,0.0067906,0.010365,0.22373,0.10551,0.12957,0.094237,0.23019,1

Spice Conductance Matrix
,TSV1,TSV2,TSV3,TSV4,TSV5,TSV6,TSV7,TSV8,TSV9,TSV10,TSV11,TSV12,TSV13,TSV14,TSV15,TSV16,TSV17,TSV18,TSV19,TSV20,TSV21,TSV22,TSV23,TSV24,TSV25,
TSV1,0.062396,-0.019332,0.0067588,0.0091641,0.011188,-0.019073,0.0010842,3.6098E-05,0.000771,0.005554,0.0072479,0.00038137,-0.00044789,4.1761E-05,0.0044435,0.0097215,0.0004788,-0.00012833,0.00016486,0.0040949,0.011844,0.0054109,0.0043601,0.0039826,0.0066384
TSV2,-0.019332,0.032715,-0.016467,0.0061787,0.0096411,0.0065169,-0.00072139,0.0011947,0.00077894,0.0047954,0.0053911,0.0003256,-0.00012165,7.2914E-05,0.0040649,0.0045278,3.8948E-05,-0.00019849,5.7979E-06,0.0028889,0.005305,0.0020191,0.0016219,0.0017892,0.0038135
TSV3,0.0067588,-0.016467,0.036826,-0.016715,0.0060087,0.0056455,0.0016993,-0.0013121,0.0013954,0.0053647,0.004438,0.00021957,-0.0002013,-2.7707E-05,0.0040965,0.0035132,2.366E-05,-0.00023782,-6.3099E-05,0.0034181,0.0043404,0.0017923,0.001485,0.0017897,0.0043964
TSV4,0.0091641,0.0061787,-0.016715,0.034766,-0.019089,0.0044636,0.00098935,0.00094602,-0.00092668,0.0057298,0.0034361,0.00031701,-0.00013709,0.00011401,0.0047159,0.0027927,9.5108E-05,-0.0002235,-4.0743E-05,0.0043169,0.0037568,0.0017721,0.0016572,0.0020867,0.005192
TSV5,0.011188,0.0096411,0.0060087,-0.019089,0.062634,0.005498,0.00088092,-0.00015334,0.00064402,-0.018611,0.0045257,0.00081993,-0.000536,-0.00011006,0.0067041,0.0040196,0.00038483,-0.0001088,0.00031185,0.0095376,0.0063623,0.0037694,0.0043912,0.0054702,0.011894
TSV6,-0.019073,0.0065169,0.0056455,0.0044636,0.005498,0.027262,-0.00019055,-0.00028961,0.00041325,0.002265,-0.015135,0.001464,-0.00061757,-8.4596E-05,0.0016409,0.0063783,0.00069706,-0.00019761,0.0001853,0.0019097,0.011085,0.005154,0.0040779,0.0029525,0.003979
TSV7,0.0010842,-0.00072139,0.0016993,0.00098935,0.00088092,-0.00019055,-0.0093628,-6.4779E-05,0.00029403,0.00064095,0.0017501,-1.0658E-05,0.0016583,0.00015503,0.0011539,0.00076102,0.00020824,8.9547E-05,6.9164E-05,0.0010357,0.00098015,0.00067855,0.0010534,0.000924,0.0011466
TSV8,3.6098E-05,0.0011947,-0.0013121,0.00094602,-0.00015334,-0.00028961,-6.4779E-05,0.0032792,-0.00025008,-0.00023124,-0.00031641,0.0016553,-7.3724E-05,0.0016245,-0.00043383,-7.9235E-05,5.1476E-05,0.00014043,0.00010392,-0.00020678,0.00083036,0.00081569,0.0005364,0.00016877,-0.00021359
TSV9,0.000771,0.00077894,0.0013954,-0.00092668,0.00064402,0.00041325,0.00029403,-0.00025008,-0.0020009,-0.0016222,0.00045145,0.00011297,0.0016944,-0.00013198,0.00142,0.00034106,-5.7841E-07,0.00011983,0.0002372,0.00066746,0.0005772,0.0004118,0.00054502,0.0010963,0.0012007
TSV10,0.005554,0.0047954,0.0053647,0.0057298,-0.018611,0.002265,0.00064095,-0.00023124,-0.0016222,0.03177,0.0020456,0.00076612,-0.00054822,0.00089862,-0.015623,0.0021055,0.00042301,-0.0001043,0.00040353,0.0061168,0.0040329,0.0021341,0.0028274,0.0045375,0.010671
TSV11,0.0072479,0.0053911,0.004438,0.0034361,0.0045257,-0.015135,0.0017501,-0.00031641,0.00045145,0.0020456,0.030586,-0.0010124,-0.00071752,-0.00015661,0.0015503,-0.015744,0.0014733,-0.00057255,0.00029644,0.0020049,0.0072036,0.0053391,0.0039008,0.0034225,0.0045885
TSV12,0.00038137,0.0003256,0.00021957,0.00031701,0.00081993,0.001464,-1.0658E-05,0.0016553,0.00011297,0.00076612,-0.0010124,0.00040571,-0.00019124,0.00018696,0.00045695,0.0012229,-0.00021756,0.0015253,9.6246E-05,9.9499E-05,0.00011763,-0.00020058,-0.00050975,-0.00025725,-0.00027089
TSV13,-0.00044789,-0.00012165,-0.0002013,-0.00013709,-0.000536,-0.00061757,0.0016583,-7.3724E-05,0.0016944,-0.00054822,-0.00071752,-0.00019124,0.010758,-4.3519E-05,-0.00052531,-0.0007302,0.0014826,-0.00025187,0.0014184,-0.00059494,-0.00099619,-0.00076372,-0.00078358,-0.00078301,-0.00050851
TSV14,4.1761E-05,7.2914E-05,-2.7707E-05,0.00011401,-0.00011006,-8.4596E-05,0.00015503,0.0016245,-0.00013198,0.00089862,-0.00015661,0.00018696,-4.3519E-05,0.0050688,-0.001038,-0.00024393,7.3699E-05,0.0016286,-0.0002128,0.0007738,-0.00029504,-0.00025461,-0.0003091,-0.00049611,-0.0003225
TSV15,0.0044435,0.0040649,0.0040965,0.0047159,0.0067041,0.0016409,0.0011539,-0.00043383,0.00142,-0.015623,0.0015503,0.00045695,-0.00052531,-0.001038,0.031234,0.0018431,0.00056448,-0.00017106,0.0012125,-0.016074,0.0043108,0.0027184,0.0047082,0.0052252,0.0076097
TSV16,0.0097215,0.0045278,0.0035132,0.0027927,0.0040196,0.0063783,0.00076102,-7.9235E-05,0.00034106,0.0021055,-0.015744,0.0012229,-0.0007302,-0.00024393,0.0018431,0.031687,-0.0013867,-0.00066114,0.00037264,0.0025169,-0.01916,0.0066835,0.0052889,0.0048217,0.005965
TSV17,0.0004788,3.8948E-05,2.366E-05,9.5108E-05,0.00038483,0.00069706,0.00020824,5.1476E-05,-5.7841E-07,0.00042301,0.0014733,-0.00021756,0.0014826,7.3699E-05,0.00056448,-0.0013867,0.00093116,-0.00085335,0.00020207,0.0011197,0.00082183,-0.0010496,0.0013368,0.00062647,0.0012017
TSV18,-0.00012833,-0.00019849,-0.00023782,-0.0002235,-0.0001088,-0.00019761,8.9547E-05,0.00014043,0.00011983,-0.0001043,-0.00057255,0.0015253,-0.00025187,0.0016286,-0.00017106,-0.00066114,-0.00085335,0.0084868,-0.00019445,-0.00018944,-0.00035883,0.00093086,-0.0014657,0.00088098,0.00021104
TSV19,0.00016486,5.7979E-06,-6.3099E-05,-4.0743E-05,0.00031185,0.0001853,6.9164E-05,0.00010392,0.0002372,0.00040353,0.00029644,9.6246E-05,0.0014184,-0.0002128,0.0012125,0.00037264,0.00020207,-0.00019445,0.0051218,-0.0019579,0.00056657,0.00041028,0.0012091,-0.0014765,-0.00032259
TSV20,0.0040949,0.0028889,0.0034181,0.0043169,0.0095376,0.0019097,0.0010357,-0.00020678,0.00066746,0.0061168,0.0020049,9.9499E-05,-0.00059494,0.0007738,-0.016074,0.0025169,0.0011197,-0.00018944,-0.0019579,0.032177,0.0058886,0.0046413,0.0056841,0.0065055,-0.018578
TSV21,0.011844,0.005305,0.0043404,0.0037568,0.0063623,0.011085,0.00098015,0.00083036,0.0005772,0.0040329,0.0072036,0.00011763,-0.00099619,-0.00029504,0.0043108,-0.01916,0.00082183,-0.00035883,0.00056657,0.0058886,0.0605,-0.018453,0.0071433,0.0099591,0.012568
