Design Variation:  d_min='5.5um' diff_depth='1um' l_tsv='50um' metal_depth='0.3um' r_tsv='2um' ring_distance='6.5um' substrate_length='77um' t_ox='0.4um' t_ring='2um' tie_size='1um' w_dep='0.092135um'
Setup1:LastAdaptive
Problem Type:  C
C Units:farad, G Units:mSie
Reduce Matrix:  Original
Frequency:  6GHz

Capacitance Matrix
,TSV1,TSV2,TSV3,TSV4,TSV5,TSV6,TSV7,TSV8,TSV9,TSV10,TSV11,TSV12,TSV13,TSV14,TSV15,TSV16,TSV17,TSV18,TSV19,TSV20,TSV21,TSV22,TSV23,TSV24,TSV25,
TSV1,2.8582E-14,-9.5262E-15,-1.1178E-15,-5.246E-16,-5.0693E-16,-9.4663E-15,-1.8754E-15,0,0,-6.1915E-17,-1.1109E-15,0,-1.5646E-19,-4.2268E-18,-4.2955E-17,-5.2433E-16,0,-4.4312E-18,-2.7345E-18,-3.279E-17,-5.1815E-16,-6.6465E-17,-4.4768E-17,-3.5092E-17,-6.9367E-17
TSV2,-9.5262E-15,3.1713E-14,-8.761E-15,-8.4169E-16,-5.2198E-16,-2.1174E-15,-6.7198E-15,-1.9104E-15,0,-5.738E-17,-5.3694E-17,0,0,-1.9409E-17,-2.3919E-17,-5.3614E-17,0,0,0,-1.9498E-17,-6.6559E-17,-8.5516E-18,-1.4141E-17,-7.1957E-18,-3.1403E-17
TSV3,-1.1178E-15,-8.761E-15,3.1605E-14,-8.7474E-15,-1.1109E-15,-5.6742E-17,-1.8828E-15,-6.7073E-15,-1.8826E-15,-5.6629E-17,-3.8254E-17,0,0,0,-3.8317E-17,-2.3556E-17,0,-1.0697E-17,0,-2.4739E-17,-4.4835E-17,-1.4488E-17,0,-1.3912E-17,-4.1365E-17
TSV4,-5.246E-16,-8.4169E-16,-8.7474E-15,3.1712E-14,-9.5247E-15,-5.8092E-17,0,-1.9124E-15,-6.7191E-15,-2.1146E-15,-2.3533E-17,-1.8716E-17,0,0,-5.4111E-17,-1.8499E-17,0,0,0,-5.4759E-17,-3.398E-17,-6.4402E-18,-1.27E-17,-8.2139E-18,-6.3138E-17
TSV5,-5.0693E-16,-5.2198E-16,-1.1109E-15,-9.5247E-15,2.8583E-14,-6.2036E-17,0,0,-1.877E-15,-9.465E-15,-4.1711E-17,-3.9484E-18,0,0,-1.1105E-15,-3.1294E-17,-2.6955E-18,-4.0231E-18,0,-5.2617E-16,-7.1942E-17,-3.2814E-17,-4.3096E-17,-6.8788E-17,-5.1281E-16
TSV6,-9.4663E-15,-2.1174E-15,-5.6742E-17,-5.8092E-17,-6.2036E-17,3.1638E-14,-6.7251E-15,0,0,-1.0375E-17,-8.7589E-15,-1.9101E-15,0,0,-1.3326E-17,-8.7663E-16,0,-9.852E-18,0,-7.309E-18,-5.201E-16,-5.3857E-17,-2.2194E-17,-1.861E-17,-3.0069E-17
TSV7,-1.8754E-15,-6.7198E-15,-1.8828E-15,0,0,-6.7251E-15,3.3638E-14,-6.6694E-15,0,0,-1.8775E-15,-6.6539E-15,-1.91E-15,0,0,0,0,0,-5.4992E-18,0,0,0,0,0,-3.3037E-18
TSV8,0,-1.9104E-15,-6.7073E-15,-1.9124E-15,0,0,-6.6694E-15,3.354E-14,-6.6724E-15,0,0,-1.9055E-15,-6.6594E-15,-1.9014E-15,0,-8.518E-18,0,0,0,-9.6596E-18,-3.1731E-18,0,-1.2087E-17,0,-4.3673E-18
TSV9,0,0,-1.8826E-15,-6.7191E-15,-1.877E-15,0,0,-6.6724E-15,3.3627E-14,-6.7252E-15,0,0,-1.9105E-15,-6.6581E-15,-1.8749E-15,0,-4.1411E-18,0,0,0,-2.5828E-18,0,0,0,0
TSV10,-6.1915E-17,-5.738E-17,-5.6629E-17,-2.1146E-15,-9.465E-15,-1.0375E-17,0,0,-6.7252E-15,3.1641E-14,-1.4127E-17,0,0,-1.9123E-15,-8.7606E-15,-6.6919E-18,0,-8.627E-18,0,-8.7905E-16,-3.1459E-17,-1.8306E-17,-2.3024E-17,-5.9122E-17,-5.1869E-16
TSV11,-1.1109E-15,-5.3694E-17,-3.8254E-17,-2.3533E-17,-4.1711E-17,-8.7589E-15,-1.8775E-15,0,0,-1.4127E-17,3.154E-14,-6.7179E-15,0,-1.5842E-17,0,-8.7427E-15,-1.8873E-15,0,0,-1.4652E-17,-1.1106E-15,-5.8168E-17,-4.1147E-17,-2.664E-17,-3.9415E-17
TSV12,0,0,0,-1.8716E-17,-3.9484E-18,-1.9101E-15,-6.6539E-15,-1.9055E-15,0,0,-6.7179E-15,3.3539E-14,-6.6681E-15,0,-1.561E-17,-1.9213E-15,-6.6393E-15,-1.9121E-15,0,-1.1514E-18,0,0,0,-9.0004E-18,-3.99E-18
TSV13,-1.5646E-19,0,0,0,0,0,-1.91E-15,-6.6594E-15,-1.9105E-15,0,0,-6.6681E-15,3.3438E-14,-6.6693E-15,0,0,-1.9188E-15,-6.6415E-15,-1.9169E-15,0,0,0,0,0,-2.6276E-18
TSV14,-4.2268E-18,-1.9409E-17,0,0,0,0,0,-1.9014E-15,-6.6581E-15,-1.9123E-15,-1.5842E-17,0,-6.6693E-15,3.3534E-14,-6.7158E-15,0,0,-1.9169E-15,-6.6371E-15,-1.9236E-15,-1.8296E-18,-7.6895E-18,0,0,0
TSV15,-4.2955E-17,-2.3919E-17,-3.8317E-17,-5.4111E-17,-1.1105E-15,-1.3326E-17,0,0,-1.8749E-15,-8.7606E-15,0,-1.561E-17,0,-6.7158E-15,3.1529E-14,-1.3835E-17,0,0,-1.892E-15,-8.7359E-15,-4.0046E-17,-2.5171E-17,-3.9542E-17,-6.3643E-17,-1.0996E-15
TSV16,-5.2433E-16,-5.3614E-17,-2.3556E-17,-1.8499E-17,-3.1294E-17,-8.7663E-16,0,-8.518E-18,0,-6.6919E-18,-8.7427E-15,-1.9213E-15,0,0,-1.3835E-17,3.1651E-14,-6.7245E-15,0,0,-1.0563E-17,-9.4766E-15,-2.1182E-15,-5.7119E-17,-5.9049E-17,-6.0713E-17
TSV17,0,0,0,0,-2.6955E-18,0,0,0,-4.1411E-18,0,-1.8873E-15,-6.6393E-15,-1.9188E-15,0,0,-6.7245E-15,3.3624E-14,-6.6726E-15,0,0,-1.8743E-15,-6.72E-15,-1.8819E-15,0,0
TSV18,-4.4312E-18,0,-1.0697E-17,0,-4.0231E-18,-9.852E-18,0,0,0,-8.627E-18,0,-1.9121E-15,-6.6415E-15,-1.9169E-15,0,0,-6.6726E-15,3.3534E-14,-6.6689E-15,0,0,-1.9114E-15,-6.7072E-15,-1.915E-15,0
TSV19,-2.7345E-18,0,0,0,0,0,-5.4992E-18,0,0,0,0,0,-1.9169E-15,-6.6371E-15,-1.892E-15,0,0,-6.6689E-15,3.3635E-14,-6.7532E-15,0,0,-1.8834E-15,-6.7473E-15,-1.8364E-15
TSV20,-3.279E-17,-1.9498E-17,-2.4739E-17,-5.4759E-17,-5.2617E-16,-7.309E-18,0,-9.6596E-18,0,-8.7905E-16,-1.4652E-17,-1.1514E-18,0,-1.9236E-15,-8.7359E-15,-1.0563E-17,0,0,-6.7532E-15,3.1665E-14,-6.5337E-17,-6.1163E-17,-6.2168E-17,-2.1498E-15,-9.3306E-15
TSV21,-5.1815E-16,-6.6559E-17,-4.4835E-17,-3.398E-17,-7.1942E-17,-5.201E-16,0,-3.1731E-18,-2.5828E-18,-3.1459E-17,-1.1106E-15,0,0,-1.8296E-18,-4.0046E-17,-9.4766E-15,-1.8743E-15,0,0,-6.5337E-17,2.8588E-14,-9.5328E-15,-1.1127E-15,-5.2649E-16,-5.007E-16
TSV22,-6.6465E-17,-8.5516E-18,-1.4488E-17,-6.4402E-18,-3.2814E-17,-5.3857E-17,0,0,0,-1.8306E-17,-5.8168E-17,0,0,-7.6895E-18,-2.5171E-17,-2.1182E-15,-6.72E-15,-1.9114E-15,0,-6.1163E-17,-9.5328E-15,3.1729E-14,-8.7678E-15,-8.4641E-16,-5.1879E-16
TSV23,-4.4768E-17,-1.4141E-17,0,-1.27E-17,-4.3096E-17,-2.2194E-17,0,-1.2087E-17,0,-2.3024E-17,-4.1147E-17,0,0,0,-3.9542E-17,-5.7119E-17,-1.8819E-15,-6.7072E-15,-1.8834E-15,-6.2168E-17,-1.1127E-15,-8.7678E-15,3.1608E-14,-8.7571E-15,-1.1006E-15
TSV24,-3.5092E-17,-7.1957E-18,-1.3912E-17,-8.2139E-18,-6.8788E-17,-1.861E-17,0,0,0,-5.9122E-17,-2.664E-17,-9.0004E-18,0,0,-6.3643E-17,-5.9049E-17,0,-1.915E-15,-6.7473E-15,-2.1498E-15,-5.2649E-16,-8.4641E-16,-8.7571E-15,3.1778E-14,-9.3971E-15
TSV25,-6.9367E-17,-3.1403E-17,-4.1365E-17,-6.3138E-17,-5.1281E-16,-3.0069E-17,-3.3037E-18,-4.3673E-18,0,-5.1869E-16,-3.9415E-17,-3.99E-18,-2.6276E-18,0,-1.0996E-15,-6.0713E-17,0,0,-1.8364E-15,-9.3306E-15,-5.007E-16,-5.1879E-16,-1.1006E-15,-9.3971E-15,2.8425E-14

Capacitance Matrix Coupling Coefficient
,TSV1,TSV2,TSV3,TSV4,TSV5,TSV6,TSV7,TSV8,TSV9,TSV10,TSV11,TSV12,TSV13,TSV14,TSV15,TSV16,TSV17,TSV18,TSV19,TSV20,TSV21,TSV22,TSV23,TSV24,TSV25,
TSV1,1,0.31641,0.037192,0.017425,0.017735,0.3148,0.060481,0,0,0.0020589,0.037,0,5.0609E-06,0.00013653,0.0014309,0.017433,0,0.00014313,8.8194E-05,0.0010899,0.018127,0.0022071,0.0014894,0.0011644,0.0024336
TSV2,0.31641,1,0.27673,0.026541,0.017337,0.066845,0.20574,0.058578,0,0.0018114,0.0016978,0,0,0.00059517,0.00075644,0.0016922,0,0,0,0.0006153,0.0022105,0.00026959,0.00044665,0.00022667,0.0010459
TSV3,0.037192,0.27673,1,0.27631,0.03696,0.0017944,0.057745,0.20601,0.057747,0.0017908,0.0012116,0,0,0,0.0012138,0.00074479,0,0.00032858,0,0.00078201,0.0014916,0.00045753,0,0.00043899,0.0013801
TSV4,0.017425,0.026541,0.27631,1,0.31636,0.001834,0,0.058639,0.20576,0.066757,0.0007441,0.00057387,0,0,0.0017113,0.00058389,0,0,0,0.001728,0.0011285,0.00020303,0.00040112,0.00025875,0.0021029
TSV5,0.017735,0.017337,0.03696,0.31636,1,0.0020629,0,0,0.060542,0.31473,0.0013892,0.00012752,0,0,0.036994,0.0010404,8.6948E-05,0.00012995,0,0.017489,0.0025167,0.0010896,0.0014338,0.0022824,0.017991
TSV6,0.3148,0.066845,0.0017944,0.001834,0.0020629,1,0.20615,0,0,0.00032791,0.27728,0.058638,0,0,0.00042192,0.027703,0,0.00030247,0,0.00023092,0.017294,0.0016998,0.00070184,0.00058692,0.0010027
TSV7,0.060481,0.20574,0.057745,0,0,0.20615,1,0.19856,0,0,0.057641,0.1981,0.056951,0,0,0,0,0,0.00016349,0,0,0,0,0,0.00010684
TSV8,0,0.058578,0.20601,0.058639,0,0,0.19856,1,0.19868,0,0,0.056814,0.19885,0.056695,0,0.00026143,0,0,0,0.00029641,0.00010247,0,0.00037121,0,0.00014144
TSV9,0,0,0.057747,0.20576,0.060542,0,0,0.19868,1,0.20618,0,0,0.056976,0.19827,0.05758,0,0.00012315,0,0,0,8.3301E-05,0,0,0,0
TSV10,0.0020589,0.0018114,0.0017908,0.066757,0.31473,0.00032791,0,0,0.20618,1,0.00044719,0,0,0.058706,0.27737,0.00021146,0,0.00026485,0,0.027771,0.001046,0.00057776,0.00072806,0.0018645,0.017295
TSV11,0.037,0.0016978,0.0012116,0.0007441,0.0013892,0.27728,0.057641,0,0,0.00044719,1,0.20655,0,0.0004871,0,0.27671,0.057954,0,0,0.00046362,0.036987,0.0018388,0.0013032,0.00084147,0.0013164
TSV12,0,0,0,0.00057387,0.00012752,0.058638,0.1981,0.056814,0,0,0.20655,1,0.19912,0,0.00048003,0.058969,0.19771,0.057017,0,3.533E-05,0,0,0,0.00027569,0.00012922
TSV13,5.0609E-06,0,0,0,0,0,0.056951,0.19885,0.056976,0,0,0.19912,1,0.19917,0,0,0.057226,0.19834,0.057158,0,0,0,0,0,8.523E-05
TSV14,0.00013653,0.00059517,0,0,0,0,0,0.056695,0.19827,0.058706,0.0004871,0,0.19917,1,0.20654,0,0,0.057163,0.19762,0.05903,5.909E-05,0.00023574,0,0,0
TSV15,0.0014309,0.00075644,0.0012138,0.0017113,0.036994,0.00042192,0,0,0.05758,0.27737,0,0.00048003,0,0.20654,1,0.00043796,0,0,0.0581,0.27648,0.0013339,0.00079583,0.0012526,0.0020106,0.03673
TSV16,0.017433,0.0016922,0.00074479,0.00058389,0.0010404,0.027703,0,0.00026143,0,0.00021146,0.27671,0.058969,0,0,0.00043796,1,0.20613,0,0,0.00033365,0.31504,0.066842,0.0018059,0.0018619,0.0020241
TSV17,0,0,0,0,8.6948E-05,0,0,0,0.00012315,0,0.057954,0.19771,0.057226,0,0,0.20613,1,0.19872,0,0,0.060453,0.20574,0.057725,0,0
TSV18,0.00014313,0,0.00032858,0,0.00012995,0.00030247,0,0,0,0.00026485,0,0.057017,0.19834,0.057163,0,0,0.19872,1,0.19857,0,0,0.058598,0.20602,0.058663,0
TSV19,8.8194E-05,0,0,0,0,0,0.00016349,0,0,0,0,0,0.057158,0.19762,0.0581,0,0,0.19857,1,0.20693,0,0,0.057763,0.20638,0.05939
TSV20,0.0010899,0.0006153,0.00078201,0.001728,0.017489,0.00023092,0,0.00029641,0,0.027771,0.00046362,3.533E-05,0,0.05903,0.27648,0.00033365,0,0,0.20693,1,0.0021716,0.0019296,0.0019651,0.067772,0.31101
TSV21,0.018127,0.0022105,0.0014916,0.0011285,0.0025167,0.017294,0,0.00010247,8.3301E-05,0.001046,0.036987,0,0,5.909E-05,0.0013339,0.31504,0.060453,0,0,0.0021716,1,0.31652,0.037015,0.017467,0.017564
TSV22,0.0022071,0.00026959,0.00045753,0.00020303,0.0010896,0.0016998,0,0,0,0.00057776,0.0018388,0,0,0.00023574,0.00079583,0.066842,0.20574,0.058598,0,0.0019296,0.31652,1,0.27686,0.026656,0.017275
TSV23,0.0014894,0.00044665,0,0.00040112,0.0014338,0.00070184,0,0.00037121,0,0.00072806,0.0013032,0,0,0,0.0012526,0.0018059,0.057725,0.20602,0.057763,0.0019651,0.037015,0.27686,1,0.27631,0.036719
TSV24,0.0011644,0.00022667,0.00043899,0.00025875,0.0022824,0.00058692,0,0,0,0.0018645,0.00084147,0.00027569,0,0,0.0020106,0.0018619,0,0.058663,0.20638,0.067772,0.017467,0.026656,0.27631,1,0.31266
TSV25,0.0024336,0.0010459,0.0013801,0.0021029,0.017991,0.0010027,0.00010684,0.00014144,0,0.017295,0.0013164,0.00012922,8.523E-05,0,0.03673,0.0020241,0,0,0.05939,0.31101,0.017564,0.017275,0.036719,0.31266,1

Spice Capacitance Matrix
,TSV1,TSV2,TSV3,TSV4,TSV5,TSV6,TSV7,TSV8,TSV9,TSV10,TSV11,TSV12,TSV13,TSV14,TSV15,TSV16,TSV17,TSV18,TSV19,TSV20,TSV21,TSV22,TSV23,TSV24,TSV25,
TSV1,3.0466E-15,9.5262E-15,1.1178E-15,5.246E-16,5.0693E-16,9.4663E-15,1.8754E-15,-0,-0,6.1915E-17,1.1109E-15,-0,1.5646E-19,4.2268E-18,4.2955E-17,5.2433E-16,-0,4.4312E-18,2.7345E-18,3.279E-17,5.1815E-16,6.6465E-17,4.4768E-17,3.5092E-17,6.9367E-17
TSV2,9.5262E-15,9.5944E-16,8.761E-15,8.4169E-16,5.2198E-16,2.1174E-15,6.7198E-15,1.9104E-15,-0,5.738E-17,5.3694E-17,-0,-0,1.9409E-17,2.3919E-17,5.3614E-17,-0,-0,-0,1.9498E-17,6.6559E-17,8.5516E-18,1.4141E-17,7.1957E-18,3.1403E-17
TSV3,1.1178E-15,8.761E-15,1.0316E-15,8.7474E-15,1.1109E-15,5.6742E-17,1.8828E-15,6.7073E-15,1.8826E-15,5.6629E-17,3.8254E-17,-0,-0,-0,3.8317E-17,2.3556E-17,-0,1.0697E-17,-0,2.4739E-17,4.4835E-17,1.4488E-17,-0,1.3912E-17,4.1365E-17
TSV4,5.246E-16,8.4169E-16,8.7474E-15,9.7545E-16,9.5247E-15,5.8092E-17,-0,1.9124E-15,6.7191E-15,2.1146E-15,2.3533E-17,1.8716E-17,-0,-0,5.4111E-17,1.8499E-17,-0,-0,-0,5.4759E-17,3.398E-17,6.4402E-18,1.27E-17,8.2139E-18,6.3138E-17
TSV5,5.0693E-16,5.2198E-16,1.1109E-15,9.5247E-15,3.065E-15,6.2036E-17,-0,-0,1.877E-15,9.465E-15,4.1711E-17,3.9484E-18,-0,-0,1.1105E-15,3.1294E-17,2.6955E-18,4.0231E-18,-0,5.2617E-16,7.1942E-17,3.2814E-17,4.3096E-17,6.8788E-17,5.1281E-16
TSV6,9.4663E-15,2.1174E-15,5.6742E-17,5.8092E-17,6.2036E-17,9.2099E-16,6.7251E-15,-0,-0,1.0375E-17,8.7589E-15,1.9101E-15,-0,-0,1.3326E-17,8.7663E-16,-0,9.852E-18,-0,7.309E-18,5.201E-16,5.3857E-17,2.2194E-17,1.861E-17,3.0069E-17
TSV7,1.8754E-15,6.7198E-15,1.8828E-15,-0,-0,6.7251E-15,-6.8454E-16,6.6694E-15,-0,-0,1.8775E-15,6.6539E-15,1.91E-15,-0,-0,-0,-0,-0,5.4992E-18,-0,-0,-0,-0,-0,3.3037E-18
TSV8,-0,1.9104E-15,6.7073E-15,1.9124E-15,-0,-0,6.6694E-15,-8.3642E-16,6.6724E-15,-0,-0,1.9055E-15,6.6594E-15,1.9014E-15,-0,8.518E-18,-0,-0,-0,9.6596E-18,3.1731E-18,-0,1.2087E-17,-0,4.3673E-18
TSV9,-0,-0,1.8826E-15,6.7191E-15,1.877E-15,-0,-0,6.6724E-15,-6.9948E-16,6.7252E-15,-0,-0,1.9105E-15,6.6581E-15,1.8749E-15,-0,4.1411E-18,-0,-0,-0,2.5828E-18,-0,-0,-0,-0
TSV10,6.1915E-17,5.738E-17,5.6629E-17,2.1146E-15,9.465E-15,1.0375E-17,-0,-0,6.7252E-15,9.1779E-16,1.4127E-17,-0,-0,1.9123E-15,8.7606E-15,6.6919E-18,-0,8.627E-18,-0,8.7905E-16,3.1459E-17,1.8306E-17,2.3024E-17,5.9122E-17,5.1869E-16
TSV11,1.1109E-15,5.3694E-17,3.8254E-17,2.3533E-17,4.1711E-17,8.7589E-15,1.8775E-15,-0,-0,1.4127E-17,9.6694E-16,6.7179E-15,-0,1.5842E-17,-0,8.7427E-15,1.8873E-15,-0,-0,1.4652E-17,1.1106E-15,5.8168E-17,4.1147E-17,2.664E-17,3.9415E-17
TSV12,-0,-0,-0,1.8716E-17,3.9484E-18,1.9101E-15,6.6539E-15,1.9055E-15,-0,-0,6.7179E-15,-8.4206E-16,6.6681E-15,-0,1.561E-17,1.9213E-15,6.6393E-15,1.9121E-15,-0,1.1514E-18,-0,-0,-0,9.0004E-18,3.99E-18
TSV13,1.5646E-19,-0,-0,-0,-0,-0,1.91E-15,6.6594E-15,1.9105E-15,-0,-0,6.6681E-15,-8.5918E-16,6.6693E-15,-0,-0,1.9188E-15,6.6415E-15,1.9169E-15,-0,-0,-0,-0,-0,2.6276E-18
TSV14,4.2268E-18,1.9409E-17,-0,-0,-0,-0,-0,1.9014E-15,6.6581E-15,1.9123E-15,1.5842E-17,-0,6.6693E-15,-8.4918E-16,6.7158E-15,-0,-0,1.9169E-15,6.6371E-15,1.9236E-15,1.8296E-18,7.6895E-18,-0,-0,-0
TSV15,4.2955E-17,2.3919E-17,3.8317E-17,5.4111E-17,1.1105E-15,1.3326E-17,-0,-0,1.8749E-15,8.7606E-15,-0,1.561E-17,-0,6.7158E-15,9.6894E-16,1.3835E-17,-0,-0,1.892E-15,8.7359E-15,4.0046E-17,2.5171E-17,3.9542E-17,6.3643E-17,1.0996E-15
TSV16,5.2433E-16,5.3614E-17,2.3556E-17,1.8499E-17,3.1294E-17,8.7663E-16,-0,8.518E-18,-0,6.6919E-18,8.7427E-15,1.9213E-15,-0,-0,1.3835E-17,9.2338E-16,6.7245E-15,-0,-0,1.0563E-17,9.4766E-15,2.1182E-15,5.7119E-17,5.9049E-17,6.0713E-17
TSV17,-0,-0,-0,-0,2.6955E-18,-0,-0,-0,4.1411E-18,-0,1.8873E-15,6.6393E-15,1.9188E-15,-0,-0,6.7245E-15,-7.0137E-16,6.6726E-15,-0,-0,1.8743E-15,6.72E-15,1.8819E-15,-0,-0
TSV18,4.4312E-18,-0,1.0697E-17,-0,4.0231E-18,9.852E-18,-0,-0,-0,8.627E-18,-0,1.9121E-15,6.6415E-15,1.9169E-15,-0,-0,6.6726E-15,-8.4953E-16,6.6689E-15,-0,-0,1.9114E-15,6.7072E-15,1.915E-15,-0
TSV19,2.7345E-18,-0,-0,-0,-0,-0,5.4992E-18,-0,-0,-0,-0,-0,1.9169E-15,6.6371E-15,1.892E-15,-0,-0,6.6689E-15,-7.0837E-16,6.7532E-15,-0,-0,1.8834E-15,6.7473E-15,1.8364E-15
TSV20,3.279E-17,1.9498E-17,2.4739E-17,5.4759E-17,5.2617E-16,7.309E-18,-0,9.6596E-18,-0,8.7905E-16,1.4652E-17,1.1514E-18,-0,1.9236E-15,8.7359E-15,1.0563E-17,-0,-0,6.7532E-15,1.0028E-15,6.5337E-17,6.1163E-17,6.2168E-17,2.1498E-15,9.3306E-15
TSV21,5.1815E-16,6.6559E-17,4.4835E-17,3.398E-17,7.1942E-17,5.201E-16,-0,3.1731E-18,2.5828E-18,3.1459E-17,1.1106E-15,-0,-0,1.8296E-18,4.0046E-17,9.4766E-15,1.8743E-15,-0,-0,6.5337E-17,3.0541E-15,9.5328E-15,1.1127E-15,5.2649E-16,5.007E-16
TSV22,6.6465E-17,8.5516E-18,1.4488E-17,6.4402E-18,3.2814E-17,5.3857E-17,-0,-0,-0,1.8306E-17,5.8168E-17,-0,-0,7.6895E-18,2.5171E-17,2.1182E-15,6.72E-15,1.9114E-15,-0,6.1163E-17,9.5328E-15,9.6023E-16,8.7678E-15,8.4641E-16,5.1879E-16
TSV23,4.4768E-17,1.4141E-17,-0,1.27E-17,4.3096E-17,2.2194E-17,-0,1.2087E-17,-0,2.3024E-17,4.1147E-17,-0,-0,-0,3.9542E-17,5.7119E-17,1.8819E-15,6.7072E-15,1.8834E-15,6.2168E-17,1.1127E-15,8.7678E-15,1.0255E-15,8.7571E-15,1.1006E-15
TSV24,3.5092E-17,7.1957E-18,1.3912E-17,8.2139E-18,6.8788E-17,1.861E-17,-0,-0,-0,5.9122E-17,2.664E-17,9.0004E-18,-0,-0,6.3643E-17,5.9049E-17,-0,1.915E-15,6.7473E-15,2.1498E-15,5.2649E-16,8.4641E-16,8.7571E-15,1.0696E-15,9.3971E-15
TSV25,6.9367E-17,3.1403E-17,4.1365E-17,6.3138E-17,5.1281E-16,3.0069E-17,3.3037E-18,4.3673E-18,-0,5.1869E-16,3.9415E-17,3.99E-18,2.6276E-18,-0,1.0996E-15,6.0713E-17,-0,-0,1.8364E-15,9.3306E-15,5.007E-16,5.1879E-16,1.1006E-15,9.3971E-15,3.2601E-15

Conductance Matrix
,TSV1,TSV2,TSV3,TSV4,TSV5,TSV6,TSV7,TSV8,TSV9,TSV10,TSV11,TSV12,TSV13,TSV14,TSV15,TSV16,TSV17,TSV18,TSV19,TSV20,TSV21,TSV22,TSV23,TSV24,TSV25,
TSV1,0.42336,-0.022069,-0.036172,-0.020723,-0.017631,-0.01967,-0.048353,-0.0046838,-0.00084812,-0.0050598,-0.035934,-0.0051946,-0.0006038,-0.00037916,-0.0031342,-0.02073,-0.00053962,-0.00044354,-0.00014019,-0.0024297,-0.017703,-0.0053397,-0.0032177,-0.0024764,-0.0039776
TSV2,-0.022069,0.34331,-0.011643,-0.030271,-0.020664,-0.057271,-0.02239,-0.043521,-0.0042023,-0.0058884,-0.012231,-0.0053096,-0.0032313,-0.00097658,-0.0033263,-0.0056293,3.6268E-05,-0.00016131,-8.4449E-05,-0.0023478,-0.005318,-0.0013388,-0.00086806,-0.00093777,-0.0024823
TSV3,-0.036172,-0.011643,0.34048,-0.011348,-0.035842,-0.011863,-0.042903,-0.021501,-0.04274,-0.011736,-0.0049815,-0.0035044,-0.005088,-0.0035538,-0.0048908,-0.0032807,-0.000185,-0.0001056,-0.00017479,-0.0031903,-0.0032073,-0.00086989,-0.00051851,-0.00080598,-0.0031167
TSV4,-0.020723,-0.030271,-0.011348,0.34371,-0.02188,-0.0059111,-0.004242,-0.043659,-0.022329,-0.057068,-0.0033549,-0.00097243,-0.0031976,-0.005254,-0.012115,-0.0023925,-8.8078E-05,-0.00015644,2.2361E-05,-0.0055064,-0.0025182,-0.00096377,-0.00082275,-0.0012506,-0.0051621
TSV5,-0.017631,-0.020664,-0.035842,-0.02188,0.42368,-0.005063,-0.00082281,-0.0046332,-0.04844,-0.019517,-0.0031076,-0.00040108,-0.00062804,-0.0051559,-0.035782,-0.0024571,-0.00013262,-0.00041847,-0.00054939,-0.020379,-0.003963,-0.0024807,-0.0031265,-0.0051255,-0.017479
TSV6,-0.01967,-0.057271,-0.011863,-0.0059111,-0.005063,0.3431,-0.023506,-0.0049638,-0.00015043,-0.0013528,-0.011,-0.044191,-0.0031614,-0.00021295,-0.00079877,-0.031301,-0.0045515,-0.00087633,-0.00011113,-0.00098701,-0.020635,-0.0056424,-0.0032379,-0.0023344,-0.0024537
TSV7,-0.048353,-0.02239,-0.042903,-0.004242,-0.00082281,-0.023506,0.28465,-0.018666,-0.0046544,-0.00013784,-0.042982,-0.017886,-0.040775,-0.0029474,-0.00028053,-0.0045678,-0.005031,-0.0031634,-0.00060109,-0.00010815,-0.00055505,-3.0734E-05,-0.00021807,-9.6583E-05,-0.00012085
TSV8,-0.0046838,-0.043521,-0.021501,-0.043659,-0.0046332,-0.0049638,-0.018666,0.28251,-0.018693,-0.0049362,-0.0034008,-0.040346,-0.018248,-0.040382,-0.0034206,-0.00084575,-0.0031841,-0.0051928,-0.0031563,-0.00087845,-0.00037758,-0.00020502,-0.0002231,-0.00020054,-0.00038184
TSV9,-0.00084812,-0.0042023,-0.04274,-0.022329,-0.04844,-0.00015043,-0.0046544,-0.018693,0.28465,-0.023599,-0.00029231,-0.002985,-0.040663,-0.017947,-0.043068,-9.3804E-05,-0.00058867,-0.0031961,-0.0050053,-0.0045709,-0.00014111,-9.6168E-05,-0.00022161,-1.8424E-05,-0.00057668
TSV10,-0.0050598,-0.0058884,-0.011736,-0.057068,-0.019517,-0.0013528,-0.00013784,-0.0049362,-0.023599,0.34297,-0.00080092,-0.00016958,-0.0031536,-0.044092,-0.011056,-0.0010082,-9.6354E-05,-0.00083362,-0.0045161,-0.030921,-0.0024527,-0.0023595,-0.0032204,-0.0054866,-0.020435
TSV11,-0.035934,-0.012231,-0.0049815,-0.0033549,-0.0031076,-0.011,-0.042982,-0.0034008,-0.00029231,-0.00080092,0.33924,-0.02283,-0.0047646,-0.00032715,-0.00017457,-0.01038,-0.043241,-0.0034429,-0.00025179,-0.00080074,-0.035585,-0.012122,-0.0050854,-0.0034011,-0.0030995
TSV12,-0.0051946,-0.0053096,-0.0035044,-0.00097243,-0.00040108,-0.044191,-0.017886,-0.040346,-0.002985,-0.00016958,-0.02283,0.28247,-0.018828,-0.0046297,-0.00032886,-0.044051,-0.017407,-0.040419,-0.0030427,-0.00034391,-0.005087,-0.0050187,-0.0035096,-0.00096608,-0.00052694
TSV13,-0.0006038,-0.0032313,-0.005088,-0.0031976,-0.00062804,-0.0031614,-0.040775,-0.018248,-0.040663,-0.0031536,-0.0047646,-0.018828,0.28034,-0.018879,-0.0047447,-0.0031293,-0.040641,-0.017763,-0.040697,-0.0031881,-0.0006584,-0.003184,-0.0048919,-0.0032592,-0.00068505
TSV14,-0.00037916,-0.00097658,-0.0035538,-0.005254,-0.0051559,-0.00021295,-0.0029474,-0.040382,-0.017947,-0.044092,-0.00032715,-0.0046297,-0.018879,0.28243,-0.02278,-0.00029273,-0.0030803,-0.040403,-0.017478,-0.044358,-0.00051162,-0.00092822,-0.0034061,-0.0052057,-0.0053817
TSV15,-0.0031342,-0.0033263,-0.0048908,-0.012115,-0.035782,-0.00079877,-0.00028053,-0.0034206,-0.043068,-0.011056,-0.00017457,-0.00032886,-0.0047447,-0.02278,0.33903,-0.00081991,-0.00025701,-0.0033953,-0.043371,-0.010293,-0.0030575,-0.0033936,-0.004999,-0.012064,-0.036408
TSV16,-0.02073,-0.0056293,-0.0032807,-0.0023925,-0.0024571,-0.031301,-0.0045678,-0.00084575,-9.3804E-05,-0.0010082,-0.01038,-0.044051,-0.0031293,-0.00029273,-0.00081991,0.34337,-0.023744,-0.0049564,-0.00016738,-0.0012958,-0.019848,-0.057378,-0.011869,-0.0058919,-0.0050249
TSV17,-0.00053962,3.6268E-05,-0.000185,-8.8078E-05,-0.00013262,-0.0045515,-0.005031,-0.0031841,-0.00058867,-9.6354E-05,-0.043241,-0.017407,-0.040641,-0.0030803,-0.00025701,-0.023744,0.2844,-0.018786,-0.0045904,-0.0001515,-0.048433,-0.022479,-0.042847,-0.004211,-0.00081051
TSV18,-0.00044354,-0.00016131,-0.0001056,-0.00015644,-0.00041847,-0.00087633,-0.0031634,-0.0051928,-0.0031961,-0.00083362,-0.0034429,-0.040419,-0.017763,-0.040403,-0.0033953,-0.0049564,-0.018786,0.28226,-0.018752,-0.0051008,-0.0045991,-0.043722,-0.021645,-0.043804,-0.0048439
TSV19,-0.00014019,-8.4449E-05,-0.00017479,2.2361E-05,-0.00054939,-0.00011113,-0.00060109,-0.0031563,-0.0050053,-0.0045161,-0.00025179,-0.0030427,-0.040697,-0.017478,-0.043371,-0.00016738,-0.0045904,-0.018752,0.2853,-0.020697,-0.00083587,-0.0042247,-0.043022,-0.019467,-0.049276
TSV20,-0.0024297,-0.0023478,-0.0031903,-0.0055064,-0.020379,-0.00098701,-0.00010815,-0.00087845,-0.0045709,-0.030921,-0.00080074,-0.00034391,-0.0031881,-0.044358,-0.010293,-0.0012958,-0.0001515,-0.0051008,-0.020697,0.35563,-0.0049218,-0.0056915,-0.011697,-0.051182,-0.01899
TSV21,-0.017703,-0.005318,-0.0032073,-0.0025182,-0.003963,-0.020635,-0.00055505,-0.00037758,-0.00014111,-0.0024527,-0.035585,-0.005087,-0.0006584,-0.00051162,-0.0030575,-0.019848,-0.048433,-0.0045991,-0.00083587,-0.0049218,0.42355,-0.022274,-0.036054,-0.020458,-0.017463
TSV22,-0.0053397,-0.0013388,-0.00086989,-0.00096377,-0.0024807,-0.0056424,-3.0734E-05,-0.00020502,-9.6168E-05,-0.0023595,-0.012122,-0.0050187,-0.003184,-0.00092822,-0.0033936,-0.057378,-0.022479,-0.043722,-0.0042247,-0.0056915,-0.022274,0.34406,-0.01164,-0.029948,-0.020435
TSV23,-0.0032177,-0.00086806,-0.00051851,-0.00082275,-0.0031265,-0.0032379,-0.00021807,-0.0002231,-0.00022161,-0.0032204,-0.0050854,-0.0035096,-0.0048919,-0.0034061,-0.004999,-0.011869,-0.042847,-0.021645,-0.043022,-0.011697,-0.036054,-0.01164,0.34041,-0.011276,-0.036863
TSV24,-0.0024764,-0.00093777,-0.00080598,-0.0012506,-0.0051255,-0.0023344,-9.6583E-05,-0.00020054,-1.8424E-05,-0.0054866,-0.0034011,-0.00096608,-0.0032592,-0.0052057,-0.012064,-0.0058919,-0.004211,-0.043804,-0.019467,-0.051182,-0.020458,-0.029948,-0.011276,0.35724,-0.0221
TSV25,-0.0039776,-0.0024823,-0.0031167,-0.0051621,-0.017479,-0.0024537,-0.00012085,-0.00038184,-0.00057668,-0.020435,-0.0030995,-0.00052694,-0.00068505,-0.0053817,-0.036408,-0.0050249,-0.00081051,-0.0048439,-0.049276,-0.01899,-0.017463,-0.020435,-0.036863,-0.0221,0.36682

Conductance Matrix Coupling Coefficient
,TSV1,TSV2,TSV3,TSV4,TSV5,TSV6,TSV7,TSV8,TSV9,TSV10,TSV11,TSV12,TSV13,TSV14,TSV15,TSV16,TSV17,TSV18,TSV19,TSV20,TSV21,TSV22,TSV23,TSV24,TSV25,
TSV1,1,0.057888,0.095274,0.054325,0.04163,0.05161,0.13929,0.013544,0.0024432,0.013279,0.094821,0.015022,0.0017527,0.0010965,0.0082729,0.054369,0.0015552,0.0012831,0.00040337,0.0062618,0.041807,0.013991,0.008476,0.0063678,0.010093
TSV2,0.057888,1,0.034053,0.088121,0.054181,0.16687,0.071623,0.13975,0.013443,0.01716,0.035838,0.01705,0.010416,0.0031362,0.0097498,0.016395,0.00011607,0.00051819,0.00026983,0.0067191,0.013946,0.0038954,0.0025392,0.0026777,0.0069949
TSV3,0.095274,0.034053,1,0.033172,0.094369,0.034709,0.13781,0.069327,0.13729,0.034343,0.014658,0.0113,0.016469,0.01146,0.014395,0.0095947,0.00059451,0.00034065,0.0005608,0.0091681,0.0084457,0.0025415,0.001523,0.002311,0.008819
TSV4,0.054325,0.088121,0.033172,1,0.057335,0.017213,0.013562,0.14011,0.071387,0.16621,0.009825,0.0031209,0.010301,0.016863,0.035492,0.0069641,0.00028171,0.00050226,7.1407E-05,0.01575,0.0065999,0.0028026,0.0024053,0.003569,0.014538
TSV5,0.04163,0.054181,0.094369,0.057335,1,0.013279,0.0023693,0.013392,0.13949,0.0512,0.008197,0.0011594,0.0018223,0.014905,0.094413,0.006442,0.00038205,0.0012101,0.0015802,0.052501,0.0093552,0.0064973,0.0082326,0.013175,0.044337
TSV6,0.05161,0.16687,0.034709,0.017213,0.013279,1,0.075217,0.015944,0.00048137,0.0039436,0.032243,0.14195,0.010193,0.00068409,0.002342,0.091195,0.014571,0.002816,0.0003552,0.0028256,0.054131,0.016422,0.0094744,0.0066679,0.0069163
TSV7,0.13929,0.071623,0.13781,0.013562,0.0023693,0.075217,1,0.065824,0.016351,0.00044115,0.13832,0.063079,0.14435,0.010395,0.00090303,0.014611,0.017682,0.01116,0.0021093,0.00033991,0.0015986,9.8207E-05,0.00070057,0.00030288,0.00037398
TSV8,0.013544,0.13975,0.069327,0.14011,0.013392,0.015944,0.065824,1,0.065921,0.015858,0.010985,0.14282,0.064841,0.14296,0.011053,0.0027155,0.011233,0.018389,0.011118,0.0027714,0.0010916,0.00065761,0.00071942,0.00063126,0.0011861
TSV9,0.0024432,0.013443,0.13729,0.071387,0.13949,0.00048137,0.016351,0.065921,1,0.075529,0.00094066,0.010527,0.14395,0.063298,0.13864,0.00030005,0.002069,0.011276,0.017564,0.014366,0.00040641,0.0003073,0.00071194,5.7778E-05,0.0017847
TSV10,0.013279,0.01716,0.034343,0.16621,0.0512,0.0039436,0.00044115,0.015858,0.075529,1,0.002348,0.00054483,0.01017,0.14167,0.032424,0.0029379,0.00030852,0.0026793,0.014437,0.088538,0.0064352,0.0068688,0.0094251,0.015675,0.057612
TSV11,0.094821,0.035838,0.014658,0.009825,0.008197,0.032243,0.13832,0.010985,0.00094066,0.002348,1,0.07375,0.01545,0.0010569,0.00051476,0.030413,0.13921,0.011126,0.00080932,0.0023053,0.093877,0.035482,0.014965,0.0097697,0.0087864
TSV12,0.015022,0.01705,0.0113,0.0031209,0.0011594,0.14195,0.063079,0.14282,0.010527,0.00054483,0.07375,1,0.066909,0.016391,0.0010627,0.14145,0.061414,0.14315,0.010718,0.0010851,0.014707,0.016099,0.011318,0.0030412,0.001637
TSV13,0.0017527,0.010416,0.016469,0.010301,0.0018223,0.010193,0.14435,0.064841,0.14395,0.01017,0.01545,0.066909,1,0.067093,0.015391,0.010086,0.14393,0.063145,0.1439,0.010097,0.0019107,0.010252,0.015836,0.010299,0.0021363
TSV14,0.0010965,0.0031362,0.01146,0.016863,0.014905,0.00068409,0.010395,0.14296,0.063298,0.14167,0.0010569,0.016391,0.067093,1,0.073617,0.00094001,0.010869,0.1431,0.061572,0.13996,0.0014792,0.0029777,0.010985,0.016389,0.01672
TSV15,0.0082729,0.0097498,0.014395,0.035492,0.094413,0.002342,0.00090303,0.011053,0.13864,0.032424,0.00051476,0.0010627,0.015391,0.073617,1,0.0024031,0.0008277,0.010976,0.13945,0.029643,0.0080687,0.0099363,0.014715,0.034665,0.10324
TSV16,0.054369,0.016395,0.0095947,0.0069641,0.006442,0.091195,0.014611,0.0027155,0.00030005,0.0029379,0.030413,0.14145,0.010086,0.00094001,0.0024031,1,0.07598,0.015921,0.00053477,0.0037082,0.052045,0.16693,0.034717,0.016823,0.014158
TSV17,0.0015552,0.00011607,0.00059451,0.00028171,0.00038205,0.014571,0.017682,0.011233,0.002069,0.00030852,0.13921,0.061414,0.14393,0.010869,0.0008277,0.07598,1,0.066305,0.016115,0.00047638,0.13955,0.07186,0.13771,0.013211,0.0025094
TSV18,0.0012831,0.00051819,0.00034065,0.00050226,0.0012101,0.002816,0.01116,0.018389,0.011276,0.0026793,0.011126,0.14315,0.063145,0.1431,0.010976,0.015921,0.066305,1,0.066079,0.0161,0.013301,0.1403,0.069829,0.13795,0.015054
TSV19,0.00040337,0.00026983,0.0005608,7.1407E-05,0.0015802,0.0003552,0.0021093,0.011118,0.017564,0.014437,0.00080932,0.010718,0.1439,0.061572,0.13945,0.00053477,0.016115,0.066079,1,0.064977,0.0024045,0.013484,0.13805,0.060977,0.15232
TSV20,0.0062618,0.0067191,0.0091681,0.01575,0.052501,0.0028256,0.00033991,0.0027714,0.014366,0.088538,0.0023053,0.0010851,0.010097,0.13996,0.029643,0.0037082,0.00047638,0.0161,0.064977,1,0.012681,0.016271,0.033618,0.14359,0.052576
TSV21,0.041807,0.013946,0.0084457,0.0065999,0.0093552,0.054131,0.0015986,0.0010916,0.00040641,0.0064352,0.093877,0.014707,0.0019107,0.0014792,0.0080687,0.052045,0.13955,0.013301,0.0024045,0.012681,1,0.058349,0.094952,0.052593,0.044303
TSV22,0.013991,0.0038954,0.0025415,0.0028026,0.0064973,0.016422,9.8207E-05,0.00065761,0.0003073,0.0068688,0.035482,0.016099,0.010252,0.0029777,0.0099363,0.16693,0.07186,0.1403,0.013484,0.016271,0.058349,1,0.034013,0.085423,0.057521
TSV23,0.008476,0.0025392,0.001523,0.0024053,0.0082326,0.0094744,0.00070057,0.00071942,0.00071194,0.0094251,0.014965,0.011318,0.015836,0.010985,0.014715,0.034717,0.13771,0.069829,0.13805,0.033618,0.094952,0.034013,1,0.032337,0.10432
TSV24,0.0063678,0.0026777,0.002311,0.003569,0.013175,0.0066679,0.00030288,0.00063126,5.7778E-05,0.015675,0.0097697,0.0030412,0.010299,0.016389,0.034665,0.016823,0.013211,0.13795,0.060977,0.14359,0.052593,0.085423,0.032337,1,0.061049
TSV25,0.010093,0.0069949,0.008819,0.014538,0.044337,0.0069163,0.00037398,0.0011861,0.0017847,0.057612,0.0087864,0.001637,0.0021363,0.01672,0.10324,0.014158,0.0025094,0.015054,0.15232,0.052576,0.044303,0.057521,0.10432,0.061049,1

Spice Conductance Matrix
,TSV1,TSV2,TSV3,TSV4,TSV5,TSV6,TSV7,TSV8,TSV9,TSV10,TSV11,TSV12,TSV13,TSV14,TSV15,TSV16,TSV17,TSV18,TSV19,TSV20,TSV21,TSV22,TSV23,TSV24,TSV25,
TSV1,0.1459,0.022069,0.036172,0.020723,0.017631,0.01967,0.048353,0.0046838,0.00084812,0.0050598,0.035934,0.0051946,0.0006038,0.00037916,0.0031342,0.02073,0.00053962,0.00044354,0.00014019,0.0024297,0.017703,0.0053397,0.0032177,0.0024764,0.0039776
TSV2,0.022069,0.08119,0.011643,0.030271,0.020664,0.057271,0.02239,0.043521,0.0042023,0.0058884,0.012231,0.0053096,0.0032313,0.00097658,0.0033263,0.0056293,-3.6268E-05,0.00016131,8.4449E-05,0.0023478,0.005318,0.0013388,0.00086806,0.00093777,0.0024823
TSV3,0.036172,0.011643,0.077262,0.011348,0.035842,0.011863,0.042903,0.021501,0.04274,0.011736,0.0049815,0.0035044,0.005088,0.0035538,0.0048908,0.0032807,0.000185,0.0001056,0.00017479,0.0031903,0.0032073,0.00086989,0.00051851,0.00080598,0.0031167
TSV4,0.020723,0.030271,0.011348,0.082549,0.02188,0.0059111,0.004242,0.043659,0.022329,0.057068,0.0033549,0.00097243,0.0031976,0.005254,0.012115,0.0023925,8.8078E-05,0.00015644,-2.2361E-05,0.0055064,0.0025182,0.00096377,0.00082275,0.0012506,0.0051621
TSV5,0.017631,0.020664,0.035842,0.02188,0.148,0.005063,0.00082281,0.0046332,0.04844,0.019517,0.0031076,0.00040108,0.00062804,0.0051559,0.035782,0.0024571,0.00013262,0.00041847,0.00054939,0.020379,0.003963,0.0024807,0.0031265,0.0051255,0.017479
TSV6,0.01967,0.057271,0.011863,0.0059111,0.005063,0.081857,0.023506,0.0049638,0.00015043,0.0013528,0.011,0.044191,0.0031614,0.00021295,0.00079877,0.031301,0.0045515,0.00087633,0.00011113,0.00098701,0.020635,0.0056424,0.0032379,0.0023344,0.0024537
TSV7,0.048353,0.02239,0.042903,0.004242,0.00082281,0.023506,-0.00039259,0.018666,0.0046544,0.00013784,0.042982,0.017886,0.040775,0.0029474,0.00028053,0.0045678,0.005031,0.0031634,0.00060109,0.00010815,0.00055505,3.0734E-05,0.00021807,9.6583E-05,0.00012085
TSV8,0.0046838,0.043521,0.021501,0.043659,0.0046332,0.0049638,0.018666,-0.0031945,0.018693,0.0049362,0.0034008,0.040346,0.018248,0.040382,0.0034206,0.00084575,0.0031841,0.0051928,0.0031563,0.00087845,0.00037758,0.00020502,0.0002231,0.00020054,0.00038184
TSV9,0.00084812,0.0042023,0.04274,0.022329,0.04844,0.00015043,0.0046544,0.018693,-0.00047561,0.023599,0.00029231,0.002985,0.040663,0.017947,0.043068,9.3804E-05,0.00058867,0.0031961,0.0050053,0.0045709,0.00014111,9.6168E-05,0.00022161,1.8424E-05,0.00057668
TSV10,0.0050598,0.0058884,0.011736,0.057068,0.019517,0.0013528,0.00013784,0.0049362,0.023599,0.083073,0.00080092,0.00016958,0.0031536,0.044092,0.011056,0.0010082,9.6354E-05,0.00083362,0.0045161,0.030921,0.0024527,0.0023595,0.0032204,0.0054866,0.020435
TSV11,0.035934,0.012231,0.0049815,0.0033549,0.0031076,0.011,0.042982,0.0034008,0.00029231,0.00080092,0.075649,0.02283,0.0047646,0.00032715,0.00017457,0.01038,0.043241,0.0034429,0.00025179,0.00080074,0.035585,0.012122,0.0050854,0.0034011,0.0030995
TSV12,0.0051946,0.0053096,0.0035044,0.00097243,0.00040108,0.044191,0.017886,0.040346,0.002985,0.00016958,0.02283,-0.0054807,0.018828,0.0046297,0.00032886,0.044051,0.017407,0.040419,0.0030427,0.00034391,0.005087,0.0050187,0.0035096,0.00096608,0.00052694
TSV13,0.0006038,0.0032313,0.005088,0.0031976,0.00062804,0.0031614,0.040775,0.018248,0.040663,0.0031536,0.0047646,0.018828,-0.0037258,0.018879,0.0047447,0.0031293,0.040641,0.017763,0.040697,0.0031881,0.0006584,0.003184,0.0048919,0.0032592,0.00068505
TSV14,0.00037916,0.00097658,0.0035538,0.005254,0.0051559,0.00021295,0.0029474,0.040382,0.017947,0.044092,0.00032715,0.0046297,0.018879,-0.0061305,0.02278,0.00029273,0.0030803,0.040403,0.017478,0.044358,0.00051162,0.00092822,0.0034061,0.0052057,0.0053817
TSV15,0.0031342,0.0033263,0.0048908,0.012115,0.035782,0.00079877,0.00028053,0.0034206,0.043068,0.011056,0.00017457,0.00032886,0.0047447,0.02278,0.075065,0.00081991,0.00025701,0.0033953,0.043371,0.010293,0.0030575,0.0033936,0.004999,0.012064,0.036408
TSV16,0.02073,0.0056293,0.0032807,0.0023925,0.0024571,0.031301,0.0045678,0.00084575,9.3804E-05,0.0010082,0.01038,0.044051,0.0031293,0.00029273,0.00081991,0.082218,0.023744,0.0049564,0.00016738,0.0012958,0.019848,0.057378,0.011869,0.0058919,0.0050249
TSV17,0.00053962,-3.6268E-05,0.000185,8.8078E-05,0.00013262,0.0045515,0.005031,0.0031841,0.00058867,9.6354E-05,0.043241,0.017407,0.040641,0.0030803,0.00025701,0.023744,-0.0006405,0.018786,0.0045904,0.0001515,0.048433,0.022479,0.042847,0.004211,0.00081051
TSV18,0.00044354,0.00016131,0.0001056,0.00015644,0.00041847,0.00087633,0.0031634,0.0051928,0.0031961,0.00083362,0.0034429,0.040419,0.017763,0.040403,0.0033953,0.0049564,0.018786,-0.0039205,0.018752,0.0051008,0.0045991,0.043722,0.021645,0.043804,0.0048439
TSV19,0.00014019,8.4449E-05,0.00017479,-2.2361E-05,0.00054939,0.00011113,0.00060109,0.0031563,0.0050053,0.0045161,0.00025179,0.0030427,0.040697,0.017478,0.043371,0.00016738,0.0045904,0.018752,0.0051139,0.020697,0.00083587,0.0042247,0.043022,0.019467,0.049276
TSV20,0.0024297,0.0023478,0.0031903,0.0055064,0.020379,0.00098701,0.00010815,0.00087845,0.0045709,0.030921,0.00080074,0.00034391,0.0031881,0.044358,0.010293,0.0012958,0.0001515,0.0051008,0.020697,0.1056,0.0049218,0.0056915,0.011697,0.051182,0.01899
TSV21,0.017703,0.005318,0.0032073,0.0025182,0.003963,0.020635,0.00055505,0.00037758,0.00014111,0.0024527,0.035585,0.005087,0.0006584,0.00051162,0.0030575,0.019848,0.048433,0.0045991,0.00083587,0.0049218,0.14689,0.022274,0.036054,0.020458,0.017463
TSV22,0.0053397,0.0013388,0.00086989,0.00096377,0.0024807,0.0056424,3.0734E-05,0.00020502,9.6168E-05,0.0023595,0.012122,0.0050187,0.003184,0.00092822,0.0033936,0.057378,0.022479,0.043722,0.0042247,0.0056915,0.022274,0.082295,0.01164,0.029948,0.020435
TSV23,0.0032177,0.00086806,0.00051851,0.00082275,0.0031265,0.0032379,0.00021807,0.0002231,0.00022161,0.0032204,0.0050854,0.0035096,0.0048919,0.0034061,0.004999,0.011869,0.042847,0.021645,0.043022,0.011697,0.036054,0.01164,0.075927,0.011276,0.036863
TSV24,0.0024764,0.00093777,0.00080598,0.0012506,0.0051255,0.0023344,9.6583E-05,0.00020054,1.8424E-05,0.0054866,0.0034011,0.00096608,0.0032592,0.0052057,0.012064,0.0058919,0.004211,0.043804,0.019467,0.051182,0.020458,0.029948,0.011276,0.10527,0.0221
TSV25,0.0039776,0.0024823,0.0031167,0.0051621,0.017479,0.0024537,0.00012085,0.00038184,0.00057668,0.020435,0.0030995,0.00052694,0.00068505,0.0053817,0.036408,0.0050249,0.00081051,0.0048439,0.049276,0.01899,0.017463,0.020435,0.036863,0.0221,0.088731

