Design Variation:  d_min='15um' diff_depth='1um' l_tsv='50um' metal_depth='0.3um' r_tsv='4um' ring_distance='16um' substrate_length='210um' t_ox='0.8um' t_ring='2um' tie_size='1um' w_dep='0.21712um'
Setup1:LastAdaptive
Problem Type:  C
C Units:farad, G Units:mSie
Reduce Matrix:  Original
Frequency:  6GHz

Capacitance Matrix
,TSV1,TSV2,TSV3,TSV4,TSV5,TSV6,TSV7,TSV8,TSV9,TSV10,TSV11,TSV12,TSV13,TSV14,TSV15,TSV16,TSV17,TSV18,TSV19,TSV20,TSV21,TSV22,TSV23,TSV24,TSV25,
TSV1,2.7468E-14,-8.1911E-15,-1.0678E-15,-3.3944E-16,-3.0997E-16,-8.1997E-15,-2.0775E-15,0,0,-2.6578E-17,-1.07E-15,0,0,0,-3.2691E-17,-3.3523E-16,0,0,-2.4167E-19,-3.5164E-17,-3.111E-16,-2.792E-17,-3.3199E-17,-3.5425E-17,-5.8516E-17
TSV2,-8.1911E-15,2.976E-14,-7.5269E-15,-8.3328E-16,-3.1374E-16,-2.2549E-15,-6.0464E-15,-2.014E-15,-8.1615E-18,-2.5388E-17,-7.5029E-17,-5.4808E-17,-2.1006E-17,-4.3945E-18,-2.7683E-17,-2.1264E-17,0,0,0,-2.5942E-17,-2.5807E-17,0,-8.3237E-18,-9.7025E-18,-3.1986E-17
TSV3,-1.0678E-15,-7.5269E-15,2.9914E-14,-7.5204E-15,-1.0224E-15,-8.4298E-17,-1.9878E-15,-6.037E-15,-2.0023E-15,-7.1143E-17,0,-2.8513E-17,-5.8002E-17,-2.499E-17,0,-2.8573E-17,0,0,0,-3.1277E-17,-3.2954E-17,-8.3542E-18,-1.3407E-17,-1.2583E-17,-2.895E-17
TSV4,-3.3944E-16,-8.3328E-16,-7.5204E-15,2.9786E-14,-8.1685E-15,-2.1295E-17,0,-2.0152E-15,-6.0575E-15,-2.2433E-15,-2.8764E-17,-6.1983E-18,-2.2063E-17,-5.3472E-17,-7.2515E-17,-2.4703E-17,0,0,0,-4.5025E-17,-3.4408E-17,-9.2367E-18,-1.2009E-17,0,-2.0052E-17
TSV5,-3.0997E-16,-3.1374E-16,-1.0224E-15,-8.1685E-15,2.7473E-14,-2.6501E-17,0,0,-2.0778E-15,-8.183E-15,-3.3221E-17,0,0,0,-1.074E-15,-3.5034E-17,0,0,0,-3.3746E-16,-5.8514E-17,-3.2339E-17,-2.8997E-17,-2.6565E-17,-3.0709E-16
TSV6,-8.1997E-15,-2.2549E-15,-8.4298E-17,-2.1295E-17,-2.6501E-17,2.98E-14,-6.0492E-15,-4.7106E-17,0,0,-7.5375E-15,-2.0078E-15,-2.398E-17,0,-8.5765E-18,-8.3576E-16,-6.8973E-18,-1.5674E-18,0,-8.8831E-18,-3.1035E-16,-1.2218E-17,-2.5518E-17,-2.5486E-17,-3.1953E-17
TSV7,-2.0775E-15,-6.0464E-15,-1.9878E-15,0,0,-6.0492E-15,3.1664E-14,-5.9551E-15,-5.2615E-17,0,-1.9839E-15,-5.967E-15,-1.9627E-15,-1.2952E-17,0,0,-5.4967E-17,-1.169E-17,-2.9077E-18,0,0,0,0,0,0
TSV8,0,-2.014E-15,-6.037E-15,-2.0152E-15,0,-4.7106E-17,-5.9551E-15,3.1705E-14,-5.9556E-15,-4.5524E-17,-3.218E-17,-1.9326E-15,-5.9555E-15,-1.9361E-15,-3.2221E-17,-3.3437E-18,-1.3718E-17,-4.2596E-17,-1.0527E-17,-2.1645E-18,0,0,0,0,0
TSV9,0,-8.1615E-18,-2.0023E-15,-6.0575E-15,-2.0778E-15,0,-5.2615E-17,-5.9556E-15,3.166E-14,-6.0462E-15,0,-1.521E-17,-1.9586E-15,-5.9673E-15,-1.9802E-15,0,-3.7683E-18,-1.4821E-17,-5.4699E-17,0,0,0,0,0,0
TSV10,-2.6578E-17,-2.5388E-17,-7.1143E-17,-2.2433E-15,-8.183E-15,0,0,-4.5524E-17,-6.0462E-15,2.9763E-14,-8.7154E-18,0,-2.3536E-17,-2.0088E-15,-7.539E-15,-8.832E-18,0,-1.4856E-18,-5.7016E-18,-8.351E-16,-3.3666E-17,-2.6417E-17,-2.754E-17,-1.5933E-17,-3.0923E-16
TSV11,-1.07E-15,-7.5029E-17,0,-2.8764E-17,-3.3221E-17,-7.5375E-15,-1.9839E-15,-3.218E-17,0,-8.7154E-18,2.9934E-14,-6.0326E-15,-5.9223E-17,0,-1.9146E-17,-7.5353E-15,-1.9975E-15,-2.3913E-17,0,-1.298E-17,-1.0362E-15,-6.5316E-17,0,-3.2094E-17,-2.6311E-17
TSV12,0,-5.4808E-17,-2.8513E-17,-6.1983E-18,0,-2.0078E-15,-5.967E-15,-1.9326E-15,-1.521E-17,0,-6.0326E-15,3.1687E-14,-5.9478E-15,-4.3026E-17,0,-2.0121E-15,-5.9682E-15,-1.9439E-15,-1.0315E-17,0,0,-5.2499E-17,-2.9677E-17,-3.5068E-18,0
TSV13,0,-2.1006E-17,-5.8002E-17,-2.2063E-17,0,-2.398E-17,-1.9627E-15,-5.9555E-15,-1.9586E-15,-2.3536E-17,-5.9223E-17,-5.9478E-15,3.1742E-14,-5.9476E-15,-5.9048E-17,-2.3368E-17,-1.9632E-15,-5.9532E-15,-1.9676E-15,-2.2594E-17,0,-2.2677E-17,-6.0239E-17,-2.3275E-17,0
TSV14,0,-4.3945E-18,-2.499E-17,-5.3472E-17,0,0,-1.2952E-17,-1.9361E-15,-5.9673E-15,-2.0088E-15,0,-4.3026E-17,-5.9476E-15,3.1688E-14,-6.0319E-15,0,-1.1711E-17,-1.9395E-15,-5.9672E-15,-2.0093E-15,0,-3.2377E-18,-2.6212E-17,-5.1109E-17,0
TSV15,-3.2691E-17,-2.7683E-17,0,-7.2515E-17,-1.074E-15,-8.5765E-18,0,-3.2221E-17,-1.9802E-15,-7.539E-15,-1.9146E-17,0,-5.9048E-17,-6.0319E-15,2.9932E-14,-1.4037E-17,0,-2.2879E-17,-2.0015E-15,-7.5205E-15,-2.7696E-17,-2.7984E-17,0,-6.4281E-17,-1.0258E-15
TSV16,-3.3523E-16,-2.1264E-17,-2.8573E-17,-2.4703E-17,-3.5034E-17,-8.3576E-16,0,-3.3437E-18,0,-8.832E-18,-7.5353E-15,-2.0121E-15,-2.3368E-17,0,-1.4037E-17,2.9762E-14,-6.0576E-15,-4.491E-17,0,0,-8.1611E-15,-2.2466E-15,-8.1775E-17,-4.4451E-17,-2.1444E-17
TSV17,0,0,0,0,0,-6.8973E-18,-5.4967E-17,-1.3718E-17,-3.7683E-18,0,-1.9975E-15,-5.9682E-15,-1.9632E-15,-1.1711E-17,0,-6.0576E-15,3.1662E-14,-5.9549E-15,-5.28E-17,0,-2.0803E-15,-6.0451E-15,-1.9889E-15,0,0
TSV18,0,0,0,0,0,-1.5674E-18,-1.169E-17,-4.2596E-17,-1.4821E-17,-1.4856E-18,-2.3913E-17,-1.9439E-15,-5.9532E-15,-1.9395E-15,-2.2879E-17,-4.491E-17,-5.9549E-15,3.1705E-14,-5.956E-15,-4.3943E-17,0,-2.0128E-15,-6.0364E-15,-2.013E-15,0
TSV19,-2.4167E-19,0,0,0,0,0,-2.9077E-18,-1.0527E-17,-5.4699E-17,-5.7016E-18,0,-1.0315E-17,-1.9676E-15,-5.9672E-15,-2.0015E-15,0,-5.28E-17,-5.956E-15,3.1665E-14,-6.0638E-15,0,-8.7117E-18,-1.9997E-15,-6.0571E-15,-2.0802E-15
TSV20,-3.5164E-17,-2.5942E-17,-3.1277E-17,-4.5025E-17,-3.3746E-16,-8.8831E-18,0,-2.1645E-18,0,-8.351E-16,-1.298E-17,0,-2.2594E-17,-2.0093E-15,-7.5205E-15,0,0,-4.3943E-17,-6.0638E-15,2.9742E-14,-2.3488E-17,-2.6951E-17,-6.8163E-17,-2.2511E-15,-8.116E-15
TSV21,-3.111E-16,-2.5807E-17,-3.2954E-17,-3.4408E-17,-5.8514E-17,-3.1035E-16,0,0,0,-3.3666E-17,-1.0362E-15,0,0,0,-2.7696E-17,-8.1611E-15,-2.0803E-15,0,0,-2.3488E-17,2.7468E-14,-8.1991E-15,-1.0615E-15,-3.3701E-16,-3.0302E-16
TSV22,-2.792E-17,0,-8.3542E-18,-9.2367E-18,-3.2339E-17,-1.2218E-17,0,0,0,-2.6417E-17,-6.5316E-17,-5.2499E-17,-2.2677E-17,-3.2377E-18,-2.7984E-17,-2.2466E-15,-6.0451E-15,-2.0128E-15,-8.7117E-18,-2.6951E-17,-8.1991E-15,2.9787E-14,-7.532E-15,-8.3528E-16,-3.1047E-16
TSV23,-3.3199E-17,-8.3237E-18,-1.3407E-17,-1.2009E-17,-2.8997E-17,-2.5518E-17,0,0,0,-2.754E-17,0,-2.9677E-17,-6.0239E-17,-2.6212E-17,0,-8.1775E-17,-1.9889E-15,-6.0364E-15,-1.9997E-15,-6.8163E-17,-1.0615E-15,-7.532E-15,2.9913E-14,-7.5259E-15,-1.024E-15
TSV24,-3.5425E-17,-9.7025E-18,-1.2583E-17,0,-2.6565E-17,-2.5486E-17,0,0,0,-1.5933E-17,-3.2094E-17,-3.5068E-18,-2.3275E-17,-5.1109E-17,-6.4281E-17,-4.4451E-17,0,-2.013E-15,-6.0571E-15,-2.2511E-15,-3.3701E-16,-8.3528E-16,-7.5259E-15,2.9748E-14,-8.1431E-15
TSV25,-5.8516E-17,-3.1986E-17,-2.895E-17,-2.0052E-17,-3.0709E-16,-3.1953E-17,0,0,0,-3.0923E-16,-2.6311E-17,0,0,0,-1.0258E-15,-2.1444E-17,0,0,-2.0802E-15,-8.116E-15,-3.0302E-16,-3.1047E-16,-1.024E-15,-8.1431E-15,2.7444E-14

Capacitance Matrix Coupling Coefficient
,TSV1,TSV2,TSV3,TSV4,TSV5,TSV6,TSV7,TSV8,TSV9,TSV10,TSV11,TSV12,TSV13,TSV14,TSV15,TSV16,TSV17,TSV18,TSV19,TSV20,TSV21,TSV22,TSV23,TSV24,TSV25,
TSV1,1,0.28649,0.03725,0.011867,0.011284,0.2866,0.070442,0,0,0.00092957,0.037314,0,0,0,0.0011401,0.011725,0,0,8.1943E-06,0.0012303,0.011326,0.0009761,0.0011582,0.0012393,0.0021312
TSV2,0.28649,1,0.25227,0.027988,0.010972,0.07572,0.19697,0.065567,0.00026589,0.00085305,0.0025138,0.0017848,0.00068345,0.0001431,0.00092752,0.00071448,0,0,0,0.00087197,0.00090264,0,0.00027898,0.00032609,0.0011192
TSV3,0.03725,0.25227,1,0.25194,0.035663,0.0028234,0.064587,0.19603,0.065064,0.0023843,0,0.0009261,0.0018823,0.00081168,0,0.0009576,0,0,0,0.0010486,0.0011496,0.00027987,0.00044818,0.0004218,0.0010104
TSV4,0.011867,0.027988,0.25194,1,0.28555,0.00071477,0,0.065576,0.19726,0.075342,0.00096327,0.00020175,0.00071753,0.0017405,0.0024286,0.00082967,0,0,0,0.0015127,0.0012029,0.00031009,0.00040231,0,0.00070132
TSV5,0.011284,0.010972,0.035663,0.28555,1,0.00092617,0,0,0.070453,0.28617,0.0011584,0,0,0,0.037453,0.0012252,0,0,0,0.011806,0.0021301,0.0011305,0.0010115,0.00092923,0.011184
TSV6,0.2866,0.07572,0.0028234,0.00071477,0.00092617,1,0.19693,0.0015325,0,0,0.25237,0.06534,0.0007797,0,0.00028717,0.028063,0.00022454,5.0992E-05,0,0.00029838,0.010847,0.00041009,0.0008547,0.00085599,0.0011173
TSV7,0.070442,0.19697,0.064587,0,0,0.19693,1,0.18795,0.0016618,0,0.064439,0.18838,0.06191,0.00040889,0,0,0.001736,0.00036896,9.1827E-05,0,0,0,0,0,0
TSV8,0,0.065567,0.19603,0.065576,0,0.0015325,0.18795,1,0.18798,0.001482,0.0010446,0.060972,0.18773,0.061082,0.001046,0.00010885,0.00043297,0.0013435,0.00033224,7.0486E-05,0,0,0,0,0
TSV9,0,0.00026589,0.065064,0.19726,0.070453,0,0.0016618,0.18798,1,0.19696,0,0.0004802,0.061784,0.1884,0.064328,0,0.00011902,0.0004678,0.0017275,0,0,0,0,0,0
TSV10,0.00092957,0.00085305,0.0023843,0.075342,0.28617,0,0,0.001482,0.19696,1,0.00029199,0,0.00076575,0.065413,0.25259,0.00029675,0,4.8361E-05,0.00018573,0.028069,0.0011775,0.00088722,0.00092298,0.00053547,0.01082
TSV11,0.037314,0.0025138,0,0.00096327,0.0011584,0.25237,0.064439,0.0010446,0,0.00029199,1,0.19587,0.0019213,0,0.00063964,0.25246,0.064884,0.00077622,0,0.00043503,0.036137,0.0021874,0,0.0010755,0.00091795
TSV12,0,0.0017848,0.0009261,0.00020175,0,0.06534,0.18838,0.060972,0.0004802,0,0.19587,1,0.18754,0.0013578,0,0.065521,0.18842,0.06133,0.00032563,0,0,0.0017088,0.00096393,0.00011422,0
TSV13,0,0.00068345,0.0018823,0.00071753,0,0.0007797,0.06191,0.18773,0.061784,0.00076575,0.0019213,0.18754,1,0.18753,0.0019157,0.00076029,0.061927,0.18766,0.062061,0.00073535,0,0.00073748,0.0019549,0.00075741,0
TSV14,0,0.0001431,0.00081168,0.0017405,0,0,0.00040889,0.061082,0.1884,0.065413,0,0.0013578,0.18753,1,0.19586,0,0.00036972,0.061191,0.18838,0.065453,0,0.00010538,0.00085138,0.0016646,0
TSV15,0.0011401,0.00092752,0,0.0024286,0.037453,0.00028717,0,0.001046,0.064328,0.25259,0.00063964,0,0.0019157,0.19586,1,0.0004703,0,0.0007427,0.065012,0.25206,0.00096592,0.00093721,0,0.0021542,0.03579
TSV16,0.011725,0.00071448,0.0009576,0.00082967,0.0012252,0.028063,0,0.00010885,0,0.00029675,0.25246,0.065521,0.00076029,0,0.0004703,1,0.19733,0.001462,0,0,0.28544,0.075454,0.0027407,0.0014939,0.00075034
TSV17,0,0,0,0,0,0.00022454,0.001736,0.00043297,0.00011902,0,0.064884,0.18842,0.061927,0.00036972,0,0.19733,1,0.18795,0.0016675,0,0.070541,0.19684,0.064626,0,0
TSV18,0,0,0,0,0,5.0992E-05,0.00036896,0.0013435,0.0004678,4.8361E-05,0.00077622,0.06133,0.18766,0.061191,0.0007427,0.001462,0.18795,1,0.18798,0.001431,0,0.065499,0.19601,0.065546,0
TSV19,8.1943E-06,0,0,0,0,0,9.1827E-05,0.00033224,0.0017275,0.00018573,0,0.00032563,0.062061,0.18838,0.065012,0,0.0016675,0.18798,1,0.19759,0,0.00028366,0.064975,0.19735,0.070564
TSV20,0.0012303,0.00087197,0.0010486,0.0015127,0.011806,0.00029838,0,7.0486E-05,0,0.028069,0.00043503,0,0.00073535,0.065453,0.25206,0,0,0.001431,0.19759,1,0.00082178,0.00090549,0.0022853,0.075681,0.28407
TSV21,0.011326,0.00090264,0.0011496,0.0012029,0.0021301,0.010847,0,0,0,0.0011775,0.036137,0,0,0,0.00096592,0.28544,0.070541,0,0,0.00082178,1,0.28664,0.037033,0.01179,0.011037
TSV22,0.0009761,0,0.00027987,0.00031009,0.0011305,0.00041009,0,0,0,0.00088722,0.0021874,0.0017088,0.00073748,0.00010538,0.00093721,0.075454,0.19684,0.065499,0.00028366,0.00090549,0.28664,1,0.25233,0.02806,0.010859
TSV23,0.0011582,0.00027898,0.00044818,0.00040231,0.0010115,0.0008547,0,0,0,0.00092298,0,0.00096393,0.0019549,0.00085138,0,0.0027407,0.064626,0.19601,0.064975,0.0022853,0.037033,0.25233,1,0.25229,0.035738
TSV24,0.0012393,0.00032609,0.0004218,0,0.00092923,0.00085599,0,0,0,0.00053547,0.0010755,0.00011422,0.00075741,0.0016646,0.0021542,0.0014939,0,0.065546,0.19735,0.075681,0.01179,0.02806,0.25229,1,0.28499
TSV25,0.0021312,0.0011192,0.0010104,0.00070132,0.011184,0.0011173,0,0,0,0.01082,0.00091795,0,0,0,0.03579,0.00075034,0,0,0.070564,0.28407,0.011037,0.010859,0.035738,0.28499,1

Spice Capacitance Matrix
,TSV1,TSV2,TSV3,TSV4,TSV5,TSV6,TSV7,TSV8,TSV9,TSV10,TSV11,TSV12,TSV13,TSV14,TSV15,TSV16,TSV17,TSV18,TSV19,TSV20,TSV21,TSV22,TSV23,TSV24,TSV25,
TSV1,5.3166E-15,8.1911E-15,1.0678E-15,3.3944E-16,3.0997E-16,8.1997E-15,2.0775E-15,-0,-0,2.6578E-17,1.07E-15,-0,-0,-0,3.2691E-17,3.3523E-16,-0,-0,2.4167E-19,3.5164E-17,3.111E-16,2.792E-17,3.3199E-17,3.5425E-17,5.8516E-17
TSV2,8.1911E-15,2.2402E-15,7.5269E-15,8.3328E-16,3.1374E-16,2.2549E-15,6.0464E-15,2.014E-15,8.1615E-18,2.5388E-17,7.5029E-17,5.4808E-17,2.1006E-17,4.3945E-18,2.7683E-17,2.1264E-17,-0,-0,-0,2.5942E-17,2.5807E-17,-0,8.3237E-18,9.7025E-18,3.1986E-17
TSV3,1.0678E-15,7.5269E-15,2.3263E-15,7.5204E-15,1.0224E-15,8.4298E-17,1.9878E-15,6.037E-15,2.0023E-15,7.1143E-17,-0,2.8513E-17,5.8002E-17,2.499E-17,-0,2.8573E-17,-0,-0,-0,3.1277E-17,3.2954E-17,8.3542E-18,1.3407E-17,1.2583E-17,2.895E-17
TSV4,3.3944E-16,8.3328E-16,7.5204E-15,2.2587E-15,8.1685E-15,2.1295E-17,-0,2.0152E-15,6.0575E-15,2.2433E-15,2.8764E-17,6.1983E-18,2.2063E-17,5.3472E-17,7.2515E-17,2.4703E-17,-0,-0,-0,4.5025E-17,3.4408E-17,9.2367E-18,1.2009E-17,-0,2.0052E-17
TSV5,3.0997E-16,3.1374E-16,1.0224E-15,8.1685E-15,5.4382E-15,2.6501E-17,-0,-0,2.0778E-15,8.183E-15,3.3221E-17,-0,-0,-0,1.074E-15,3.5034E-17,-0,-0,-0,3.3746E-16,5.8514E-17,3.2339E-17,2.8997E-17,2.6565E-17,3.0709E-16
TSV6,8.1997E-15,2.2549E-15,8.4298E-17,2.1295E-17,2.6501E-17,2.2805E-15,6.0492E-15,4.7106E-17,-0,-0,7.5375E-15,2.0078E-15,2.398E-17,-0,8.5765E-18,8.3576E-16,6.8973E-18,1.5674E-18,-0,8.8831E-18,3.1035E-16,1.2218E-17,2.5518E-17,2.5486E-17,3.1953E-17
TSV7,2.0775E-15,6.0464E-15,1.9878E-15,-0,-0,6.0492E-15,-5.003E-16,5.9551E-15,5.2615E-17,-0,1.9839E-15,5.967E-15,1.9627E-15,1.2952E-17,-0,-0,5.4967E-17,1.169E-17,2.9077E-18,-0,-0,-0,-0,-0,-0
TSV8,-0,2.014E-15,6.037E-15,2.0152E-15,-0,4.7106E-17,5.9551E-15,-3.2537E-16,5.9556E-15,4.5524E-17,3.218E-17,1.9326E-15,5.9555E-15,1.9361E-15,3.2221E-17,3.3437E-18,1.3718E-17,4.2596E-17,1.0527E-17,2.1645E-18,-0,-0,-0,-0,-0
TSV9,-0,8.1615E-18,2.0023E-15,6.0575E-15,2.0778E-15,-0,5.2615E-17,5.9556E-15,-5.3485E-16,6.0462E-15,-0,1.521E-17,1.9586E-15,5.9673E-15,1.9802E-15,-0,3.7683E-18,1.4821E-17,5.4699E-17,-0,-0,-0,-0,-0,-0
TSV10,2.6578E-17,2.5388E-17,7.1143E-17,2.2433E-15,8.183E-15,-0,-0,4.5524E-17,6.0462E-15,2.2775E-15,8.7154E-18,-0,2.3536E-17,2.0088E-15,7.539E-15,8.832E-18,-0,1.4856E-18,5.7016E-18,8.351E-16,3.3666E-17,2.6417E-17,2.754E-17,1.5933E-17,3.0923E-16
TSV11,1.07E-15,7.5029E-17,-0,2.8764E-17,3.3221E-17,7.5375E-15,1.9839E-15,3.218E-17,-0,8.7154E-18,2.3245E-15,6.0326E-15,5.9223E-17,-0,1.9146E-17,7.5353E-15,1.9975E-15,2.3913E-17,-0,1.298E-17,1.0362E-15,6.5316E-17,-0,3.2094E-17,2.6311E-17
TSV12,-0,5.4808E-17,2.8513E-17,6.1983E-18,-0,2.0078E-15,5.967E-15,1.9326E-15,1.521E-17,-0,6.0326E-15,-3.683E-16,5.9478E-15,4.3026E-17,-0,2.0121E-15,5.9682E-15,1.9439E-15,1.0315E-17,-0,-0,5.2499E-17,2.9677E-17,3.5068E-18,-0
TSV13,-0,2.1006E-17,5.8002E-17,2.2063E-17,-0,2.398E-17,1.9627E-15,5.9555E-15,1.9586E-15,2.3536E-17,5.9223E-17,5.9478E-15,-3.3324E-16,5.9476E-15,5.9048E-17,2.3368E-17,1.9632E-15,5.9532E-15,1.9676E-15,2.2594E-17,-0,2.2677E-17,6.0239E-17,2.3275E-17,-0
TSV14,-0,4.3945E-18,2.499E-17,5.3472E-17,-0,-0,1.2952E-17,1.9361E-15,5.9673E-15,2.0088E-15,-0,4.3026E-17,5.9476E-15,-3.5123E-16,6.0319E-15,-0,1.1711E-17,1.9395E-15,5.9672E-15,2.0093E-15,-0,3.2377E-18,2.6212E-17,5.1109E-17,-0
TSV15,3.2691E-17,2.7683E-17,-0,7.2515E-17,1.074E-15,8.5765E-18,-0,3.2221E-17,1.9802E-15,7.539E-15,1.9146E-17,-0,5.9048E-17,6.0319E-15,2.3498E-15,1.4037E-17,-0,2.2879E-17,2.0015E-15,7.5205E-15,2.7696E-17,2.7984E-17,-0,6.4281E-17,1.0258E-15
TSV16,3.3523E-16,2.1264E-17,2.8573E-17,2.4703E-17,3.5034E-17,8.3576E-16,-0,3.3437E-18,-0,8.832E-18,7.5353E-15,2.0121E-15,2.3368E-17,-0,1.4037E-17,2.2264E-15,6.0576E-15,4.491E-17,-0,-0,8.1611E-15,2.2466E-15,8.1775E-17,4.4451E-17,2.1444E-17
TSV17,-0,-0,-0,-0,-0,6.8973E-18,5.4967E-17,1.3718E-17,3.7683E-18,-0,1.9975E-15,5.9682E-15,1.9632E-15,1.1711E-17,-0,6.0576E-15,-5.3749E-16,5.9549E-15,5.28E-17,-0,2.0803E-15,6.0451E-15,1.9889E-15,-0,-0
TSV18,-0,-0,-0,-0,-0,1.5674E-18,1.169E-17,4.2596E-17,1.4821E-17,1.4856E-18,2.3913E-17,1.9439E-15,5.9532E-15,1.9395E-15,2.2879E-17,4.491E-17,5.9549E-15,-3.1285E-16,5.956E-15,4.3943E-17,-0,2.0128E-15,6.0364E-15,2.013E-15,-0
TSV19,2.4167E-19,-0,-0,-0,-0,-0,2.9077E-18,1.0527E-17,5.4699E-17,5.7016E-18,-0,1.0315E-17,1.9676E-15,5.9672E-15,2.0015E-15,-0,5.28E-17,5.956E-15,-5.7376E-16,6.0638E-15,-0,8.7117E-18,1.9997E-15,6.0571E-15,2.0802E-15
TSV20,3.5164E-17,2.5942E-17,3.1277E-17,4.5025E-17,3.3746E-16,8.8831E-18,-0,2.1645E-18,-0,8.351E-16,1.298E-17,-0,2.2594E-17,2.0093E-15,7.5205E-15,-0,-0,4.3943E-17,6.0638E-15,2.2617E-15,2.3488E-17,2.6951E-17,6.8163E-17,2.2511E-15,8.116E-15
TSV21,3.111E-16,2.5807E-17,3.2954E-17,3.4408E-17,5.8514E-17,3.1035E-16,-0,-0,-0,3.3666E-17,1.0362E-15,-0,-0,-0,2.7696E-17,8.1611E-15,2.0803E-15,-0,-0,2.3488E-17,5.4313E-15,8.1991E-15,1.0615E-15,3.3701E-16,3.0302E-16
TSV22,2.792E-17,-0,8.3542E-18,9.2367E-18,3.2339E-17,1.2218E-17,-0,-0,-0,2.6417E-17,6.5316E-17,5.2499E-17,2.2677E-17,3.2377E-18,2.7984E-17,2.2466E-15,6.0451E-15,2.0128E-15,8.7117E-18,2.6951E-17,8.1991E-15,2.2819E-15,7.532E-15,8.3528E-16,3.1047E-16
TSV23,3.3199E-17,8.3237E-18,1.3407E-17,1.2009E-17,2.8997E-17,2.5518E-17,-0,-0,-0,2.754E-17,-0,2.9677E-17,6.0239E-17,2.6212E-17,-0,8.1775E-17,1.9889E-15,6.0364E-15,1.9997E-15,6.8163E-17,1.0615E-15,7.532E-15,2.3297E-15,7.5259E-15,1.024E-15
TSV24,3.5425E-17,9.7025E-18,1.2583E-17,-0,2.6565E-17,2.5486E-17,-0,-0,-0,1.5933E-17,3.2094E-17,3.5068E-18,2.3275E-17,5.1109E-17,6.4281E-17,4.4451E-17,-0,2.013E-15,6.0571E-15,2.2511E-15,3.3701E-16,8.3528E-16,7.5259E-15,2.2414E-15,8.1431E-15
TSV25,5.8516E-17,3.1986E-17,2.895E-17,2.0052E-17,3.0709E-16,3.1953E-17,-0,-0,-0,3.0923E-16,2.6311E-17,-0,-0,-0,1.0258E-15,2.1444E-17,-0,-0,2.0802E-15,8.116E-15,3.0302E-16,3.1047E-16,1.024E-15,8.1431E-15,5.6062E-15

Conductance Matrix
,TSV1,TSV2,TSV3,TSV4,TSV5,TSV6,TSV7,TSV8,TSV9,TSV10,TSV11,TSV12,TSV13,TSV14,TSV15,TSV16,TSV17,TSV18,TSV19,TSV20,TSV21,TSV22,TSV23,TSV24,TSV25,
TSV1,0.5715,-0.048428,-0.040803,-0.014228,-0.01047,-0.048107,-0.05625,-0.014079,-0.0019226,-0.0033861,-0.041063,-0.014215,-0.001502,0.00059029,-0.0013092,-0.014064,-0.0018802,0.00053159,-5.1692E-05,-0.0014536,-0.010484,-0.0033184,-0.0013034,-0.0014868,-0.0017385
TSV2,-0.048428,0.50892,-0.035603,-0.033174,-0.013788,-0.057092,-0.04027,-0.046417,-0.012454,-0.0052372,-0.017245,-0.018565,-0.011045,-0.0022294,-0.0025642,-0.0053802,-0.0013323,-0.00050405,-2.1728E-05,-0.0017114,-0.0032434,0.00011104,-0.00029808,-0.00039288,-0.0013031
TSV3,-0.040803,-0.035603,0.50909,-0.034976,-0.039909,-0.017965,-0.046004,-0.038031,-0.045983,-0.017526,-0.0032153,-0.011408,-0.017506,-0.011387,-0.003053,-0.0026207,-0.00067122,-0.00084912,-0.00059451,-0.0025777,-0.00129,-0.00031929,-0.0014609,-0.00014685,-0.0010241
TSV4,-0.014228,-0.033174,-0.034976,0.50943,-0.048398,-0.005418,-0.012419,-0.046472,-0.040091,-0.05678,-0.0026105,-0.0022585,-0.010991,-0.018604,-0.016955,-0.0016945,-2.8279E-05,-0.00051192,-0.001298,-0.0052085,-0.0014265,-0.00038629,-0.0001141,0.00040141,-0.0028027
TSV5,-0.01047,-0.013788,-0.039909,-0.048398,0.57316,-0.0033778,-0.0017272,-0.013993,-0.056334,-0.04787,-0.0013123,0.00059288,-0.0014545,-0.014124,-0.040842,-0.0014299,-3.6807E-06,0.00056803,-0.0019182,-0.014023,-0.0017919,-0.0013969,-0.0011072,-0.0031582,-0.010187
TSV6,-0.048107,-0.057092,-0.017965,-0.005418,-0.0033778,0.5101,-0.040664,-0.018433,-0.0013671,0.00026886,-0.036519,-0.046673,-0.011025,-0.00047601,-0.00031143,-0.033671,-0.012425,-0.002261,-4.5226E-05,-0.0003327,-0.013717,-0.005242,-0.0025563,-0.0017191,-0.0013151
TSV7,-0.05625,-0.04027,-0.046004,-0.012419,-0.0017272,-0.040664,0.46364,-0.034929,-0.016447,-0.0012774,-0.046166,-0.035378,-0.042836,-0.0094291,-0.00062426,-0.012353,-0.016449,-0.0094966,-0.0020041,-5.5385E-05,-0.0017024,-0.0012519,-0.00060816,-1.828E-05,-1.8438E-06
TSV8,-0.014079,-0.046417,-0.038031,-0.046472,-0.013993,-0.018433,-0.034929,0.46381,-0.035046,-0.018435,-0.011573,-0.04171,-0.034971,-0.042255,-0.011522,-0.0023064,-0.009507,-0.015209,-0.0094827,-0.0022761,0.00051612,-0.00054248,-0.00086704,-0.00051038,0.00058495
TSV9,-0.0019226,-0.012454,-0.045983,-0.040091,-0.056334,-0.0013671,-0.016447,-0.035046,0.46365,-0.040626,-0.00070178,-0.0094582,-0.042312,-0.035367,-0.046264,-7.5782E-05,-0.0020306,-0.009509,-0.016443,-0.012259,-3.3077E-05,-1.7958E-05,-0.0005992,-0.001239,-0.0015487
TSV10,-0.0033861,-0.0052372,-0.017526,-0.05678,-0.04787,0.00026886,-0.0012774,-0.018435,-0.040626,0.50827,-0.00032991,-0.00051117,-0.010964,-0.046626,-0.036557,-0.00034807,-3.7463E-05,-0.0022672,-0.01249,-0.033542,-0.0014345,-0.001767,-0.002592,-0.0053361,-0.013585
TSV11,-0.041063,-0.017245,-0.0032153,-0.0026105,-0.0013123,-0.036519,-0.046166,-0.011573,-0.00070178,-0.00032991,0.51032,-0.038213,-0.017575,-0.00084299,-0.0018044,-0.0361,-0.046439,-0.011303,-0.00056761,-8.4559E-05,-0.040454,-0.017099,-0.0031176,-0.0026212,-0.00096574
TSV12,-0.014215,-0.018565,-0.011408,-0.0022585,0.00059288,-0.046673,-0.035378,-0.04171,-0.0094582,-0.00051117,-0.038213,0.46357,-0.034642,-0.015199,-0.00083747,-0.046413,-0.035295,-0.042373,-0.0093969,-0.00060024,-0.013737,-0.018496,-0.011464,-0.0022764,0.00056926
TSV13,-0.001502,-0.011045,-0.017506,-0.010991,-0.0014545,-0.011025,-0.042836,-0.034971,-0.042312,-0.010964,-0.017575,-0.034642,0.46403,-0.034632,-0.01756,-0.010928,-0.042408,-0.034806,-0.042924,-0.010962,-0.0012652,-0.010999,-0.017617,-0.011096,-0.0011755
TSV14,0.00059029,-0.0022294,-0.011387,-0.018604,-0.014124,-0.00047601,-0.0094291,-0.042255,-0.035367,-0.046626,-0.00084299,-0.015199,-0.034632,0.46359,-0.038244,-0.00065643,-0.0093942,-0.041797,-0.035271,-0.046426,0.00052497,-0.0022393,-0.011364,-0.018481,-0.013555
TSV15,-0.0013092,-0.0025642,-0.003053,-0.016955,-0.040842,-0.00031143,-0.00062426,-0.011522,-0.046264,-0.036557,-0.0018044,-0.00083747,-0.01756,-0.038244,0.51064,-6.0687E-05,-0.00056511,-0.011279,-0.046296,-0.035713,-0.0010227,-0.0025385,-0.0029895,-0.017163,-0.039961
TSV16,-0.014064,-0.0053802,-0.0026207,-0.0016945,-0.0014299,-0.033671,-0.012353,-0.0023064,-7.5782E-05,-0.00034807,-0.0361,-0.046413,-0.010928,-0.00065643,-6.0687E-05,0.50884,-0.040769,-0.018528,-0.0013516,0.00055786,-0.047382,-0.056942,-0.017818,-0.0053585,-0.0030676
TSV17,-0.0018802,-0.0013323,-0.00067122,-2.8279E-05,-3.6807E-06,-0.012425,-0.016449,-0.009507,-0.0020306,-3.7463E-05,-0.046439,-0.035295,-0.042408,-0.0093942,-0.00056511,-0.040769,0.46369,-0.035009,-0.016473,-0.0012531,-0.056489,-0.040105,-0.046068,-0.012408,-0.0016599
TSV18,0.00053159,-0.00050405,-0.00084912,-0.00051192,0.00056803,-0.002261,-0.0094966,-0.015209,-0.009509,-0.0022672,-0.011303,-0.042373,-0.034806,-0.041797,-0.011279,-0.018528,-0.035009,0.46385,-0.034931,-0.018448,-0.014136,-0.046481,-0.038133,-0.046401,-0.013799
TSV19,-5.1692E-05,-2.1728E-05,-0.00059451,-0.001298,-0.0019182,-4.5226E-05,-0.0020041,-0.0094827,-0.016443,-0.01249,-0.00056761,-0.0093969,-0.042924,-0.035271,-0.046296,-0.0013516,-0.016473,-0.034931,0.46365,-0.041035,-0.001943,-0.012507,-0.046043,-0.040411,-0.055858
TSV20,-0.0014536,-0.0017114,-0.0025777,-0.0052085,-0.014023,-0.0003327,-5.5385E-05,-0.0022761,-0.012259,-0.033542,-8.4559E-05,-0.00060024,-0.010962,-0.046426,-0.035713,0.00055786,-0.0012531,-0.018448,-0.041035,0.50971,-0.0030983,-0.0051698,-0.017543,-0.056923,-0.045988
TSV21,-0.010484,-0.0032434,-0.00129,-0.0014265,-0.0017919,-0.013717,-0.0017024,0.00051612,-3.3077E-05,-0.0014345,-0.040454,-0.013737,-0.0012652,0.00052497,-0.0010227,-0.047382,-0.056489,-0.014136,-0.001943,-0.0030983,0.57332,-0.048954,-0.040597,-0.014135,-0.010229
TSV22,-0.0033184,0.00011104,-0.00031929,-0.00038629,-0.0013969,-0.005242,-0.0012519,-0.00054248,-1.7958E-05,-0.001767,-0.017099,-0.018496,-0.010999,-0.0022393,-0.0025385,-0.056942,-0.040105,-0.046481,-0.012507,-0.0051698,-0.048954,0.5089,-0.035621,-0.033329,-0.013647
TSV23,-0.0013034,-0.00029808,-0.0014609,-0.0001141,-0.0011072,-0.0025563,-0.00060816,-0.00086704,-0.0005992,-0.002592,-0.0031176,-0.011464,-0.017617,-0.011364,-0.0029895,-0.017818,-0.046068,-0.038133,-0.046043,-0.017543,-0.040597,-0.035621,0.50991,-0.035293,-0.039744
TSV24,-0.0014868,-0.00039288,-0.00014685,0.00040141,-0.0031582,-0.0017191,-1.828E-05,-0.00051038,-0.001239,-0.0053361,-0.0026212,-0.0022764,-0.011096,-0.018481,-0.017163,-0.0053585,-0.012408,-0.046401,-0.040411,-0.056923,-0.014135,-0.033329,-0.035293,0.5098,-0.047075
TSV25,-0.0017385,-0.0013031,-0.0010241,-0.0028027,-0.010187,-0.0013151,-1.8438E-06,0.00058495,-0.0015487,-0.013585,-0.00096574,0.00056926,-0.0011755,-0.013555,-0.039961,-0.0030676,-0.0016599,-0.013799,-0.055858,-0.045988,-0.010229,-0.013647,-0.039744,-0.047075,0.56657

Conductance Matrix Coupling Coefficient
,TSV1,TSV2,TSV3,TSV4,TSV5,TSV6,TSV7,TSV8,TSV9,TSV10,TSV11,TSV12,TSV13,TSV14,TSV15,TSV16,TSV17,TSV18,TSV19,TSV20,TSV21,TSV22,TSV23,TSV24,TSV25,
TSV1,1,0.089798,0.075646,0.02637,0.018294,0.089099,0.10928,0.027346,0.0037349,0.0062826,0.076037,0.027616,0.0029167,0.0011468,0.0024235,0.026081,0.0036524,0.0010325,0.00010042,0.0026933,0.018316,0.0061532,0.0024145,0.0027545,0.0030552
TSV2,0.089798,1,0.069946,0.065153,0.025529,0.11205,0.082903,0.095539,0.025639,0.010297,0.033838,0.038222,0.022729,0.0045899,0.00503,0.010573,0.0027426,0.0010374,4.4729E-05,0.0033603,0.0060045,0.0002182,0.00058514,0.00077132,0.0024267
TSV3,0.075646,0.069946,1,0.068681,0.073882,0.035254,0.09469,0.078265,0.094646,0.034453,0.006308,0.023484,0.036017,0.023439,0.0059878,0.005149,0.0013815,0.0017474,0.0012237,0.0050603,0.0023877,0.00062729,0.0028674,0.00028826,0.0019069
TSV4,0.02637,0.065153,0.068681,1,0.089567,0.010628,0.025553,0.095605,0.082491,0.11159,0.00512,0.0046475,0.022605,0.038281,0.033244,0.0033281,5.8185E-05,0.0010531,0.0026708,0.010221,0.0026395,0.00075866,0.00022386,0.00078766,0.0052169
TSV5,0.018294,0.025529,0.073882,0.089567,1,0.0062469,0.0033506,0.02714,0.10928,0.088691,0.0024264,0.0011502,0.0028204,0.027399,0.075495,0.0026478,7.1397E-06,0.0011017,0.003721,0.025943,0.0031259,0.0025866,0.0020481,0.0058425,0.017877
TSV6,0.089099,0.11205,0.035254,0.010628,0.0062469,1,0.083617,0.037897,0.0028112,0.00052802,0.071576,0.095978,0.022662,0.00097886,0.00061021,0.066091,0.025547,0.0046482,9.2995E-05,0.00065247,0.025365,0.010289,0.0050123,0.0033711,0.0024462
TSV7,0.10928,0.082903,0.09469,0.025553,0.0033506,0.083617,1,0.075323,0.035473,0.0026315,0.094909,0.076311,0.092352,0.020338,0.001283,0.025432,0.035475,0.020478,0.0043224,0.00011393,0.003302,0.0025772,0.0012508,3.76E-05,3.5974E-06
TSV8,0.027346,0.095539,0.078265,0.095605,0.02714,0.037897,0.075323,1,0.075575,0.03797,0.023787,0.089951,0.075382,0.091125,0.023677,0.0047476,0.0205,0.03279,0.020449,0.0046812,0.0010009,0.0011166,0.0017829,0.0010496,0.0011411
TSV9,0.0037349,0.025639,0.094646,0.082491,0.10928,0.0028112,0.035473,0.075575,1,0.083689,0.0014427,0.020401,0.091222,0.076283,0.09508,0.00015602,0.0043793,0.020505,0.035463,0.025218,6.4155E-05,3.697E-05,0.0012323,0.0025485,0.0030217
TSV10,0.0062826,0.010297,0.034453,0.11159,0.088691,0.00052802,0.0026315,0.03797,0.083689,1,0.00064779,0.0010531,0.022576,0.096054,0.071758,0.00068444,7.7169E-05,0.0046693,0.025729,0.065899,0.0026574,0.0034743,0.0050914,0.010483,0.025316
TSV11,0.076037,0.033838,0.006308,0.00512,0.0024264,0.071576,0.094909,0.023787,0.0014427,0.00064779,1,0.078565,0.036116,0.0017331,0.0035347,0.070842,0.095464,0.023232,0.0011669,0.0001658,0.07479,0.033552,0.0061116,0.0051389,0.001796
TSV12,0.027616,0.038222,0.023484,0.0046475,0.0011502,0.095978,0.076311,0.089951,0.020401,0.0010531,0.078565,1,0.074692,0.032787,0.0017213,0.095562,0.076128,0.091379,0.020269,0.0012348,0.026647,0.03808,0.023579,0.0046827,0.0011108
TSV13,0.0029167,0.022729,0.036017,0.022605,0.0028204,0.022662,0.092352,0.075382,0.091222,0.022576,0.036116,0.074692,1,0.074669,0.036075,0.022489,0.091424,0.075024,0.092539,0.022539,0.002453,0.022635,0.036217,0.022814,0.0022926
TSV14,0.0011468,0.0045899,0.023439,0.038281,0.027399,0.00097886,0.020338,0.091125,0.076283,0.096054,0.0017331,0.032787,0.074669,1,0.078604,0.0013515,0.020262,0.090134,0.076078,0.095507,0.0010183,0.0046103,0.023373,0.038016,0.026449
TSV15,0.0024235,0.00503,0.0059878,0.033244,0.075495,0.00061021,0.001283,0.023677,0.09508,0.071758,0.0035347,0.0017213,0.036075,0.078604,1,0.00011905,0.0011614,0.023176,0.095147,0.070001,0.0018901,0.0049796,0.0058586,0.033639,0.074293
TSV16,0.026081,0.010573,0.005149,0.0033281,0.0026478,0.066091,0.025432,0.0047476,0.00015602,0.00068444,0.070842,0.095562,0.022489,0.0013515,0.00011905,1,0.08393,0.038137,0.0027827,0.0010954,0.087725,0.1119,0.03498,0.010521,0.0057132
TSV17,0.0036524,0.0027426,0.0013815,5.8185E-05,7.1397E-06,0.025547,0.035475,0.0205,0.0043793,7.7169E-05,0.095464,0.076128,0.091424,0.020262,0.0011614,0.08393,1,0.075489,0.035527,0.0025776,0.10956,0.082559,0.094741,0.02552,0.0032385
TSV18,0.0010325,0.0010374,0.0017474,0.0010531,0.0011017,0.0046482,0.020478,0.03279,0.020505,0.0046693,0.023232,0.091379,0.075024,0.090134,0.023176,0.038137,0.075489,1,0.075322,0.037939,0.027412,0.095669,0.078409,0.09542,0.026917
TSV19,0.00010042,4.4729E-05,0.0012237,0.0026708,0.003721,9.2995E-05,0.0043224,0.020449,0.035463,0.025729,0.0011669,0.020269,0.092539,0.076078,0.095147,0.0027827,0.035527,0.075322,1,0.084411,0.0037686,0.025747,0.094693,0.083118,0.10898
TSV20,0.0026933,0.0033603,0.0050603,0.010221,0.025943,0.00065247,0.00011393,0.0046812,0.025218,0.065899,0.0001658,0.0012348,0.022539,0.095507,0.070001,0.0010954,0.0025776,0.037939,0.084411,1,0.0057314,0.010151,0.03441,0.11167,0.085576
TSV21,0.018316,0.0060045,0.0023877,0.0026395,0.0031259,0.025365,0.003302,0.0010009,6.4155E-05,0.0026574,0.07479,0.026647,0.002453,0.0010183,0.0018901,0.087725,0.10956,0.027412,0.0037686,0.0057314,1,0.09063,0.075084,0.026146,0.017948
TSV22,0.0061532,0.0002182,0.00062729,0.00075866,0.0025866,0.010289,0.0025772,0.0011166,3.697E-05,0.0034743,0.033552,0.03808,0.022635,0.0046103,0.0049796,0.1119,0.082559,0.095669,0.025747,0.010151,0.09063,1,0.069926,0.065433,0.025415
TSV23,0.0024145,0.00058514,0.0028674,0.00022386,0.0020481,0.0050123,0.0012508,0.0017829,0.0012323,0.0050914,0.0061116,0.023579,0.036217,0.023373,0.0058586,0.03498,0.094741,0.078409,0.094693,0.03441,0.075084,0.069926,1,0.069221,0.073942
TSV24,0.0027545,0.00077132,0.00028826,0.00078766,0.0058425,0.0033711,3.76E-05,0.0010496,0.0025485,0.010483,0.0051389,0.0046827,0.022814,0.038016,0.033639,0.010521,0.02552,0.09542,0.083118,0.11167,0.026146,0.065433,0.069221,1,0.087592
TSV25,0.0030552,0.0024267,0.0019069,0.0052169,0.017877,0.0024462,3.5974E-06,0.0011411,0.0030217,0.025316,0.001796,0.0011108,0.0022926,0.026449,0.074293,0.0057132,0.0032385,0.026917,0.10898,0.085576,0.017948,0.025415,0.073942,0.087592,1

Spice Conductance Matrix
,TSV1,TSV2,TSV3,TSV4,TSV5,TSV6,TSV7,TSV8,TSV9,TSV10,TSV11,TSV12,TSV13,TSV14,TSV15,TSV16,TSV17,TSV18,TSV19,TSV20,TSV21,TSV22,TSV23,TSV24,TSV25,
TSV1,0.24108,0.048428,0.040803,0.014228,0.01047,0.048107,0.05625,0.014079,0.0019226,0.0033861,0.041063,0.014215,0.001502,-0.00059029,0.0013092,0.014064,0.0018802,-0.00053159,5.1692E-05,0.0014536,0.010484,0.0033184,0.0013034,0.0014868,0.0017385
TSV2,0.048428,0.15073,0.035603,0.033174,0.013788,0.057092,0.04027,0.046417,0.012454,0.0052372,0.017245,0.018565,0.011045,0.0022294,0.0025642,0.0053802,0.0013323,0.00050405,2.1728E-05,0.0017114,0.0032434,-0.00011104,0.00029808,0.00039288,0.0013031
TSV3,0.040803,0.035603,0.13417,0.034976,0.039909,0.017965,0.046004,0.038031,0.045983,0.017526,0.0032153,0.011408,0.017506,0.011387,0.003053,0.0026207,0.00067122,0.00084912,0.00059451,0.0025777,0.00129,0.00031929,0.0014609,0.00014685,0.0010241
TSV4,0.014228,0.033174,0.034976,0.15298,0.048398,0.005418,0.012419,0.046472,0.040091,0.05678,0.0026105,0.0022585,0.010991,0.018604,0.016955,0.0016945,2.8279E-05,0.00051192,0.001298,0.0052085,0.0014265,0.00038629,0.0001141,-0.00040141,0.0028027
TSV5,0.01047,0.013788,0.039909,0.048398,0.2457,0.0033778,0.0017272,0.013993,0.056334,0.04787,0.0013123,-0.00059288,0.0014545,0.014124,0.040842,0.0014299,3.6807E-06,-0.00056803,0.0019182,0.014023,0.0017919,0.0013969,0.0011072,0.0031582,0.010187
TSV6,0.048107,0.057092,0.017965,0.005418,0.0033778,0.14966,0.040664,0.018433,0.0013671,-0.00026886,0.036519,0.046673,0.011025,0.00047601,0.00031143,0.033671,0.012425,0.002261,4.5226E-05,0.0003327,0.013717,0.005242,0.0025563,0.0017191,0.0013151
TSV7,0.05625,0.04027,0.046004,0.012419,0.0017272,0.040664,0.035278,0.034929,0.016447,0.0012774,0.046166,0.035378,0.042836,0.0094291,0.00062426,0.012353,0.016449,0.0094966,0.0020041,5.5385E-05,0.0017024,0.0012519,0.00060816,1.828E-05,1.8438E-06
TSV8,0.014079,0.046417,0.038031,0.046472,0.013993,0.018433,0.034929,0.016345,0.035046,0.018435,0.011573,0.04171,0.034971,0.042255,0.011522,0.0023064,0.009507,0.015209,0.0094827,0.0022761,-0.00051612,0.00054248,0.00086704,0.00051038,-0.00058495
TSV9,0.0019226,0.012454,0.045983,0.040091,0.056334,0.0013671,0.016447,0.035046,0.035519,0.040626,0.00070178,0.0094582,0.042312,0.035367,0.046264,7.5782E-05,0.0020306,0.009509,0.016443,0.012259,3.3077E-05,1.7958E-05,0.0005992,0.001239,0.0015487
TSV10,0.0033861,0.0052372,0.017526,0.05678,0.04787,-0.00026886,0.0012774,0.018435,0.040626,0.14901,0.00032991,0.00051117,0.010964,0.046626,0.036557,0.00034807,3.7463E-05,0.0022672,0.01249,0.033542,0.0014345,0.001767,0.002592,0.0053361,0.013585
TSV11,0.041063,0.017245,0.0032153,0.0026105,0.0013123,0.036519,0.046166,0.011573,0.00070178,0.00032991,0.1324,0.038213,0.017575,0.00084299,0.0018044,0.0361,0.046439,0.011303,0.00056761,8.4559E-05,0.040454,0.017099,0.0031176,0.0026212,0.00096574
TSV12,0.014215,0.018565,0.011408,0.0022585,-0.00059288,0.046673,0.035378,0.04171,0.0094582,0.00051117,0.038213,0.015614,0.034642,0.015199,0.00083747,0.046413,0.035295,0.042373,0.0093969,0.00060024,0.013737,0.018496,0.011464,0.0022764,-0.00056926
TSV13,0.001502,0.011045,0.017506,0.010991,0.0014545,0.011025,0.042836,0.034971,0.042312,0.010964,0.017575,0.034642,-0.0091684,0.034632,0.01756,0.010928,0.042408,0.034806,0.042924,0.010962,0.0012652,0.010999,0.017617,0.011096,0.0011755
TSV14,-0.00059029,0.0022294,0.011387,0.018604,0.014124,0.00047601,0.0094291,0.042255,0.035367,0.046626,0.00084299,0.015199,0.034632,0.016109,0.038244,0.00065643,0.0093942,0.041797,0.035271,0.046426,-0.00052497,0.0022393,0.011364,0.018481,0.013555
TSV15,0.0013092,0.0025642,0.003053,0.016955,0.040842,0.00031143,0.00062426,0.011522,0.046264,0.036557,0.0018044,0.00083747,0.01756,0.038244,0.1346,6.0687E-05,0.00056511,0.011279,0.046296,0.035713,0.0010227,0.0025385,0.0029895,0.017163,0.039961
TSV16,0.014064,0.0053802,0.0026207,0.0016945,0.0014299,0.033671,0.012353,0.0023064,7.5782E-05,0.00034807,0.0361,0.046413,0.010928,0.00065643,6.0687E-05,0.15008,0.040769,0.018528,0.0013516,-0.00055786,0.047382,0.056942,0.017818,0.0053585,0.0030676
TSV17,0.0018802,0.0013323,0.00067122,2.8279E-05,3.6807E-06,0.012425,0.016449,0.009507,0.0020306,3.7463E-05,0.046439,0.035295,0.042408,0.0093942,0.00056511,0.040769,0.034994,0.035009,0.016473,0.0012531,0.056489,0.040105,0.046068,0.012408,0.0016599
TSV18,-0.00053159,0.00050405,0.00084912,0.00051192,-0.00056803,0.002261,0.0094966,0.015209,0.009509,0.0022672,0.011303,0.042373,0.034806,0.041797,0.011279,0.018528,0.035009,0.016916,0.034931,0.018448,0.014136,0.046481,0.038133,0.046401,0.013799
TSV19,5.1692E-05,2.1728E-05,0.00059451,0.001298,0.0019182,4.5226E-05,0.0020041,0.0094827,0.016443,0.01249,0.00056761,0.0093969,0.042924,0.035271,0.046296,0.0013516,0.016473,0.034931,0.034296,0.041035,0.001943,0.012507,0.046043,0.040411,0.055858
TSV20,0.0014536,0.0017114,0.0025777,0.0052085,0.014023,0.0003327,5.5385E-05,0.0022761,0.012259,0.033542,8.4559E-05,0.00060024,0.010962,0.046426,0.035713,-0.00055786,0.0012531,0.018448,0.041035,0.15359,0.0030983,0.0051698,0.017543,0.056923,0.045988
TSV21,0.010484,0.0032434,0.00129,0.0014265,0.0017919,0.013717,0.0017024,-0.00051612,3.3077E-05,0.0014345,0.040454,0.013737,0.0012652,-0.00052497,0.0010227,0.047382,0.056489,0.014136,0.001943,0.0030983,0.24579,0.048954,0.040597,0.014135,0.010229
TSV22,0.0033184,-0.00011104,0.00031929,0.00038629,0.0013969,0.005242,0.0012519,0.00054248,1.7958E-05,0.001767,0.017099,0.018496,0.010999,0.0022393,0.0025385,0.056942,0.040105,0.046481,0.012507,0.0051698,0.048954,0.15065,0.035621,0.033329,0.013647
TSV23,0.0013034,0.00029808,0.0014609,0.0001141,0.0011072,0.0025563,0.00060816,0.00086704,0.0005992,0.002592,0.0031176,0.011464,0.017617,0.011364,0.0029895,0.017818,0.046068,0.038133,0.046043,0.017543,0.040597,0.035621,0.13499,0.035293,0.039744
TSV24,0.0014868,0.00039288,0.00014685,-0.00040141,0.0031582,0.0017191,1.828E-05,0.00051038,0.001239,0.0053361,0.0026212,0.0022764,0.011096,0.018481,0.017163,0.0053585,0.012408,0.046401,0.040411,0.056923,0.014135,0.033329,0.035293,0.15322,0.047075
TSV25,0.0017385,0.0013031,0.0010241,0.0028027,0.010187,0.0013151,1.8438E-06,-0.00058495,0.0015487,0.013585,0.00096574,-0.00056926,0.0011755,0.013555,0.039961,0.0030676,0.0016599,0.013799,0.055858,0.045988,0.010229,0.013647,0.039744,0.047075,0.24749

