Design Variation:  d_min='4um' diff_depth='1um' l_tsv='50um' metal_depth='0.3um' r_tsv='1um' ring_distance='5um' substrate_length='56um' t_ox='0.2um' t_ring='2um' tie_size='1um' w_dep='0.378um'
Setup1:LastAdaptive
Problem Type:  C
C Units:farad, G Units:mSie
Reduce Matrix:  Original
Frequency:  6GHz

Capacitance Matrix
,TSV1,TSV2,TSV3,TSV4,TSV5,TSV6,TSV7,TSV8,TSV9,TSV10,TSV11,TSV12,TSV13,TSV14,TSV15,TSV16,TSV17,TSV18,TSV19,TSV20,TSV21,TSV22,TSV23,TSV24,TSV25,
TSV1,2.1717E-14,-6.4337E-15,-1.2542E-15,-4.569E-16,-5.0462E-16,-6.438E-15,-1.8059E-15,-2.38E-17,0,-7.981E-17,-1.2461E-15,-2.4937E-17,0,0,-3.1737E-17,-4.608E-16,0,0,-3.4783E-18,-3.726E-17,-5.0527E-16,-7.8392E-17,-3.0989E-17,-3.77E-17,-7.3338E-17
TSV2,-6.4337E-15,2.3815E-14,-5.9642E-15,-9.6424E-16,-4.4602E-16,-2.0527E-15,-4.6033E-15,-1.6977E-15,-4.6709E-17,-8.4129E-17,-1.532E-16,-1.1589E-16,-5.8095E-17,-4.7378E-19,-5.721E-17,-8.9421E-17,0,0,0,-3.3357E-17,-7.9925E-17,0,-2.9827E-17,-5.1184E-18,-3.6745E-17
TSV3,-1.2542E-15,-5.9642E-15,2.4074E-14,-5.9546E-15,-1.2391E-15,-1.5237E-16,-1.6829E-15,-4.5766E-15,-1.6835E-15,-1.4719E-16,0,-9.8772E-17,-1.1047E-16,-9.8205E-17,0,-5.903E-17,0,0,0,-5.9887E-17,-3.15E-17,-2.9144E-17,-5.835E-17,-2.844E-17,-3.0486E-17
TSV4,-4.569E-16,-9.6424E-16,-5.9546E-15,2.3818E-14,-6.4187E-15,-8.8838E-17,-4.4555E-17,-1.6978E-15,-4.6026E-15,-2.0432E-15,-5.839E-17,-1.8594E-18,-5.7916E-17,-1.157E-16,-1.5177E-16,-3.2447E-17,0,0,0,-8.9615E-17,-3.6265E-17,-4.9979E-18,-2.9683E-17,0,-7.8008E-17
TSV5,-5.0462E-16,-4.4602E-16,-1.2391E-15,-6.4187E-15,2.1739E-14,-8.1404E-17,0,-2.2919E-17,-1.8063E-15,-6.4337E-15,-3.1866E-17,0,0,-2.483E-17,-1.2432E-15,-3.6124E-17,-9.5943E-19,0,0,-4.6001E-16,-7.3395E-17,-3.7828E-17,-3.0361E-17,-7.6718E-17,-5.0235E-16
TSV6,-6.438E-15,-2.0527E-15,-1.5237E-16,-8.8838E-17,-8.1404E-17,2.3823E-14,-4.603E-15,-1.2154E-16,0,0,-5.9936E-15,-1.6974E-15,-6.7004E-17,0,-3.2255E-17,-9.5252E-16,-3.7327E-17,-4.0767E-18,0,-4.0672E-18,-4.4939E-16,-8.6844E-17,-5.6694E-17,-3.2867E-17,-3.6621E-17
TSV7,-1.8059E-15,-4.6033E-15,-1.6829E-15,-4.4555E-17,0,-4.603E-15,2.5292E-14,-4.5576E-15,-1.3718E-16,0,-1.6848E-15,-4.5817E-15,-1.639E-15,-5.9997E-17,0,-3.5643E-17,-1.2533E-16,-5.6101E-17,-2.2067E-18,0,0,0,0,0,0
TSV8,-2.38E-17,-1.6977E-15,-4.5766E-15,-1.6978E-15,-2.2919E-17,-1.2154E-16,-4.5576E-15,2.5352E-14,-4.5578E-15,-1.208E-16,-9.6545E-17,-1.617E-15,-4.541E-15,-1.6156E-15,-9.6542E-17,-7.2938E-18,-5.3534E-17,-1.0492E-16,-5.4918E-17,-6.2594E-18,0,0,0,0,0
TSV9,0,-4.6709E-17,-1.6835E-15,-4.6026E-15,-1.8063E-15,0,-1.3718E-16,-4.5578E-15,2.529E-14,-4.5996E-15,0,-5.9456E-17,-1.64E-15,-4.582E-15,-1.684E-15,0,-2.1937E-18,-5.4783E-17,-1.2541E-16,-3.6441E-17,-5.2662E-20,0,0,0,0
TSV10,-7.981E-17,-8.4129E-17,-1.4719E-16,-2.0432E-15,-6.4337E-15,0,0,-1.208E-16,-4.5996E-15,2.3805E-14,-3.1956E-17,0,-6.6005E-17,-1.6985E-15,-5.9939E-15,-4.017E-18,0,-4.3862E-18,-3.6562E-17,-9.5145E-16,-3.7543E-17,-3.3413E-17,-5.7431E-17,-8.7355E-17,-4.4937E-16
TSV11,-1.2461E-15,-1.532E-16,0,-5.839E-17,-3.1866E-17,-5.9936E-15,-1.6848E-15,-9.6545E-17,0,-3.1956E-17,2.4149E-14,-4.5842E-15,-1.1937E-16,0,-5.9294E-17,-5.9859E-15,-1.6831E-15,-8.978E-17,0,-2.7087E-17,-1.2471E-15,-1.3969E-16,0,-5.8631E-17,-2.9542E-17
TSV12,-2.4937E-17,-1.1589E-16,-9.8772E-17,-1.8594E-18,0,-1.6974E-15,-4.5817E-15,-1.617E-15,-5.9456E-17,0,-4.5842E-15,2.5389E-14,-4.4984E-15,-1.1308E-16,0,-1.696E-15,-4.5809E-15,-1.6268E-15,-5.5729E-17,0,-1.9414E-17,-1.1587E-16,-1.0051E-16,0,0
TSV13,0,-5.8095E-17,-1.1047E-16,-5.7916E-17,0,-6.7004E-17,-1.639E-15,-4.541E-15,-1.64E-15,-6.6005E-17,-1.1937E-16,-4.4984E-15,2.5453E-14,-4.4985E-15,-1.1931E-16,-6.1726E-17,-1.6468E-15,-4.5265E-15,-1.6456E-15,-6.2571E-17,0,-6.1397E-17,-1.1428E-16,-6.1391E-17,0
TSV14,0,-4.7378E-19,-9.8205E-17,-1.157E-16,-2.483E-17,0,-5.9997E-17,-1.6156E-15,-4.582E-15,-1.6985E-15,0,-1.1308E-16,-4.4985E-15,2.5389E-14,-4.5842E-15,-2.3238E-20,-5.5144E-17,-1.6283E-15,-4.5804E-15,-1.6929E-15,0,-2.5099E-19,-9.9994E-17,-1.1472E-16,-2.1521E-17
TSV15,-3.1737E-17,-5.721E-17,0,-1.5177E-16,-1.2432E-15,-3.2255E-17,0,-9.6542E-17,-1.684E-15,-5.9939E-15,-5.9294E-17,0,-1.1931E-16,-4.5842E-15,2.4147E-14,-2.7902E-17,0,-8.9584E-17,-1.6837E-15,-5.9729E-15,-2.9632E-17,-5.6953E-17,0,-1.3764E-16,-1.2489E-15
TSV16,-4.608E-16,-8.9421E-17,-5.903E-17,-3.2447E-17,-3.6124E-17,-9.5252E-16,-3.5643E-17,-7.2938E-18,0,-4.017E-18,-5.9859E-15,-1.696E-15,-6.1726E-17,-2.3238E-20,-2.7902E-17,2.3825E-14,-4.6035E-15,-1.2255E-16,0,0,-6.419E-15,-2.0455E-15,-1.509E-16,-8.9075E-17,-7.9553E-17
TSV17,0,0,0,0,-9.5943E-19,-3.7327E-17,-1.2533E-16,-5.3534E-17,-2.1937E-18,0,-1.6831E-15,-4.5809E-15,-1.6468E-15,-5.5144E-17,0,-4.6035E-15,2.5286E-14,-4.5581E-15,-1.3616E-16,0,-1.8049E-15,-4.6025E-15,-1.683E-15,-4.4394E-17,0
TSV18,0,0,0,0,0,-4.0767E-18,-5.6101E-17,-1.0492E-16,-5.4783E-17,-4.3862E-18,-8.978E-17,-1.6268E-15,-4.5265E-15,-1.6283E-15,-8.9584E-17,-1.2255E-16,-4.5581E-15,2.535E-14,-4.5581E-15,-1.2219E-16,-2.2743E-17,-1.697E-15,-4.5787E-15,-1.6956E-15,-2.3297E-17
TSV19,-3.4783E-18,0,0,0,0,0,-2.2067E-18,-5.4918E-17,-1.2541E-16,-3.6562E-17,0,-5.5729E-17,-1.6456E-15,-4.5804E-15,-1.6837E-15,0,-1.3616E-16,-4.5581E-15,2.5288E-14,-4.5984E-15,0,-4.4972E-17,-1.6841E-15,-4.6034E-15,-1.8117E-15
TSV20,-3.726E-17,-3.3357E-17,-5.9887E-17,-8.9615E-17,-4.6001E-16,-4.0672E-18,0,-6.2594E-18,-3.6441E-17,-9.5145E-16,-2.7087E-17,0,-6.2571E-17,-1.6929E-15,-5.9729E-15,0,0,-1.2219E-16,-4.5984E-15,2.3791E-14,-7.7874E-17,-8.3783E-17,-1.4274E-16,-2.0377E-15,-6.4141E-15
TSV21,-5.0527E-16,-7.9925E-17,-3.15E-17,-3.6265E-17,-7.3395E-17,-4.4939E-16,0,0,-5.2662E-20,-3.7543E-17,-1.2471E-15,-1.9414E-17,0,0,-2.9632E-17,-6.419E-15,-1.8049E-15,-2.2743E-17,0,-7.7874E-17,2.1737E-14,-6.427E-15,-1.2522E-15,-4.5657E-16,-5.0147E-16
TSV22,-7.8392E-17,0,-2.9144E-17,-4.9979E-18,-3.7828E-17,-8.6844E-17,0,0,0,-3.3413E-17,-1.3969E-16,-1.1587E-16,-6.1397E-17,-2.5099E-19,-5.6953E-17,-2.0455E-15,-4.6025E-15,-1.697E-15,-4.4972E-17,-8.3783E-17,-6.427E-15,2.3812E-14,-5.9633E-15,-9.6321E-16,-4.4579E-16
TSV23,-3.0989E-17,-2.9827E-17,-5.835E-17,-2.9683E-17,-3.0361E-17,-5.6694E-17,0,0,0,-5.7431E-17,0,-1.0051E-16,-1.1428E-16,-9.9994E-17,0,-1.509E-16,-1.683E-15,-4.5787E-15,-1.6841E-15,-1.4274E-16,-1.2522E-15,-5.9633E-15,2.4081E-14,-5.9623E-15,-1.238E-15
TSV24,-3.77E-17,-5.1184E-18,-2.844E-17,0,-7.6718E-17,-3.2867E-17,0,0,0,-8.7355E-17,-5.8631E-17,0,-6.1391E-17,-1.1472E-16,-1.3764E-16,-8.9075E-17,-4.4394E-17,-1.6956E-15,-4.6034E-15,-2.0377E-15,-4.5657E-16,-9.6321E-16,-5.9623E-15,2.383E-14,-6.4222E-15
TSV25,-7.3338E-17,-3.6745E-17,-3.0486E-17,-7.8008E-17,-5.0235E-16,-3.6621E-17,0,0,0,-4.4937E-16,-2.9542E-17,0,0,-2.1521E-17,-1.2489E-15,-7.9553E-17,0,-2.3297E-17,-1.8117E-15,-6.4141E-15,-5.0147E-16,-4.4579E-16,-1.238E-15,-6.4222E-15,2.1763E-14

Capacitance Matrix Coupling Coefficient
,TSV1,TSV2,TSV3,TSV4,TSV5,TSV6,TSV7,TSV8,TSV9,TSV10,TSV11,TSV12,TSV13,TSV14,TSV15,TSV16,TSV17,TSV18,TSV19,TSV20,TSV21,TSV22,TSV23,TSV24,TSV25,
TSV1,1,0.2829,0.05485,0.020089,0.023224,0.28304,0.077053,0.0010143,0,0.0035101,0.054411,0.001062,0,0,0.0013859,0.020258,0,0,0.00014843,0.0016392,0.023256,0.0034472,0.0013551,0.0016572,0.0033734
TSV2,0.2829,1,0.24909,0.040487,0.019602,0.08618,0.18757,0.069094,0.0019033,0.0035333,0.0063883,0.0047131,0.0023596,1.9267E-05,0.0023857,0.0037541,0,0,0,0.0014014,0.0035129,0,0.0012455,0.00021486,0.001614
TSV3,0.05485,0.24909,1,0.24867,0.054164,0.0063625,0.068202,0.18525,0.068227,0.0061483,0,0.0039952,0.0044627,0.0039723,0,0.0024648,0,0,0,0.0025024,0.001377,0.0012173,0.0024235,0.0011874,0.0013319
TSV4,0.020089,0.040487,0.24867,1,0.28209,0.0037295,0.0018153,0.069093,0.18754,0.085809,0.0024347,7.5614E-05,0.0023522,0.004705,0.0063287,0.0013621,0,0,0,0.0037646,0.0015938,0.00020986,0.0012394,0,0.0034264
TSV5,0.023224,0.019602,0.054164,0.28209,1,0.0035771,0,0.00097627,0.077039,0.28282,0.0013908,0,0,0.0010569,0.054263,0.0015873,4.0922E-05,0,0,0.020227,0.0033764,0.0016626,0.001327,0.0033707,0.023095
TSV6,0.28304,0.08618,0.0063625,0.0037295,0.0035771,1,0.18752,0.0049455,0,0,0.24989,0.069017,0.002721,0,0.0013449,0.039982,0.0015209,0.00016589,0,0.00017084,0.019749,0.0036462,0.0023671,0.0013794,0.0016083
TSV7,0.077053,0.18757,0.068202,0.0018153,0,0.18752,1,0.17999,0.0054241,0,0.068171,0.1808,0.064596,0.0023676,0,0.001452,0.004956,0.0022156,8.7255E-05,0,0,0,0,0,0
TSV8,0.0010143,0.069094,0.18525,0.069093,0.00097627,0.0049455,0.17999,1,0.18,0.0049172,0.0039019,0.063737,0.17876,0.06368,0.0039019,0.00029678,0.0021144,0.0041389,0.002169,0.00025487,0,0,0,0,0
TSV9,0,0.0019033,0.068227,0.18754,0.077039,0,0.0054241,0.18,1,0.18746,0,0.0023464,0.064638,0.18083,0.068147,0,8.6751E-05,0.0021636,0.0049593,0.0014856,2.2461E-06,0,0,0,0
TSV10,0.0035101,0.0035333,0.0061483,0.085809,0.28282,0,0,0.0049172,0.18746,1,0.0013328,0,0.0026814,0.069088,0.25,0.00016867,0,0.00017855,0.0014902,0.03998,0.0016504,0.0014034,0.0023987,0.0036677,0.019743
TSV11,0.054411,0.0063883,0,0.0024347,0.0013908,0.24989,0.068171,0.0039019,0,0.0013328,1,0.18514,0.0048148,0,0.0024554,0.24955,0.068111,0.0036286,0,0.0011301,0.054431,0.0058251,0,0.0024441,0.0012886
TSV12,0.001062,0.0047131,0.0039952,7.5614E-05,0,0.069017,0.1808,0.063737,0.0023464,0,0.18514,1,0.17695,0.0044537,0,0.068958,0.1808,0.064124,0.0021994,0,0.00082639,0.0047125,0.0040647,0,0
TSV13,0,0.0023596,0.0044627,0.0023522,0,0.002721,0.064596,0.17876,0.064638,0.0026814,0.0048148,0.17695,1,0.17696,0.0048125,0.0025066,0.064911,0.17819,0.064862,0.0025427,0,0.0024939,0.0046158,0.0024927,0
TSV14,0,1.9267E-05,0.0039723,0.004705,0.0010569,0,0.0023676,0.06368,0.18083,0.069088,0,0.0044537,0.17696,1,0.18514,9.4482E-07,0.0021764,0.064181,0.18077,0.068879,0,1.0208E-05,0.0040441,0.004664,0.00091554
TSV15,0.0013859,0.0023857,0,0.0063287,0.054263,0.0013449,0,0.0039019,0.068147,0.25,0.0024554,0,0.0048125,0.18514,1,0.0011633,0,0.0036208,0.068135,0.2492,0.0012934,0.0023751,0,0.0057377,0.054481
TSV16,0.020258,0.0037541,0.0024648,0.0013621,0.0015873,0.039982,0.001452,0.00029678,0,0.00016867,0.24955,0.068958,0.0025066,9.4482E-07,0.0011633,1,0.18756,0.0049866,0,0,0.28207,0.085877,0.0063002,0.0037383,0.0034937
TSV17,0,0,0,0,4.0922E-05,0.0015209,0.004956,0.0021144,8.6751E-05,0,0.068111,0.1808,0.064911,0.0021764,0,0.18756,1,0.18003,0.0053847,0,0.076985,0.18756,0.068205,0.0018085,0
TSV18,0,0,0,0,0,0.00016589,0.0022156,0.0041389,0.0021636,0.00017855,0.0036286,0.064124,0.17819,0.064181,0.0036208,0.0049866,0.18003,1,0.18003,0.0049756,0.00096887,0.069071,0.18532,0.068987,0.00099187
TSV19,0.00014843,0,0,0,0,0,8.7255E-05,0.002169,0.0049593,0.0014902,0,0.0021994,0.064862,0.18077,0.068135,0,0.0053847,0.18003,1,0.18748,0,0.0018327,0.068248,0.18753,0.07723
TSV20,0.0016392,0.0014014,0.0025024,0.0037646,0.020227,0.00017084,0,0.00025487,0.0014856,0.03998,0.0011301,0,0.0025427,0.068879,0.2492,0,0,0.0049756,0.18748,1,0.0034245,0.00352,0.0059636,0.085578,0.28189
TSV21,0.023256,0.0035129,0.001377,0.0015938,0.0033764,0.019749,0,0,2.2461E-06,0.0016504,0.054431,0.00082639,0,0,0.0012934,0.28207,0.076985,0.00096887,0,0.0034245,1,0.2825,0.054734,0.020061,0.023056
TSV22,0.0034472,0,0.0012173,0.00020986,0.0016626,0.0036462,0,0,0,0.0014034,0.0058251,0.0047125,0.0024939,1.0208E-05,0.0023751,0.085877,0.18756,0.069071,0.0018327,0.00352,0.2825,1,0.24903,0.040435,0.019583
TSV23,0.0013551,0.0012455,0.0024235,0.0012394,0.001327,0.0023671,0,0,0,0.0023987,0,0.0040647,0.0046158,0.0040441,0,0.0063002,0.068205,0.18532,0.068248,0.0059636,0.054734,0.24903,1,0.24889,0.054077
TSV24,0.0016572,0.00021486,0.0011874,0,0.0033707,0.0013794,0,0,0,0.0036677,0.0024441,0,0.0024927,0.004664,0.0057377,0.0037383,0.0018085,0.068987,0.18753,0.085578,0.020061,0.040435,0.24889,1,0.28201
TSV25,0.0033734,0.001614,0.0013319,0.0034264,0.023095,0.0016083,0,0,0,0.019743,0.0012886,0,0,0.00091554,0.054481,0.0034937,0,0.00099187,0.07723,0.28189,0.023056,0.019583,0.054077,0.28201,1

Spice Capacitance Matrix
,TSV1,TSV2,TSV3,TSV4,TSV5,TSV6,TSV7,TSV8,TSV9,TSV10,TSV11,TSV12,TSV13,TSV14,TSV15,TSV16,TSV17,TSV18,TSV19,TSV20,TSV21,TSV22,TSV23,TSV24,TSV25,
TSV1,2.1906E-15,6.4337E-15,1.2542E-15,4.569E-16,5.0462E-16,6.438E-15,1.8059E-15,2.38E-17,-0,7.981E-17,1.2461E-15,2.4937E-17,-0,-0,3.1737E-17,4.608E-16,-0,-0,3.4783E-18,3.726E-17,5.0527E-16,7.8392E-17,3.0989E-17,3.77E-17,7.3338E-17
TSV2,6.4337E-15,8.6277E-16,5.9642E-15,9.6424E-16,4.4602E-16,2.0527E-15,4.6033E-15,1.6977E-15,4.6709E-17,8.4129E-17,1.532E-16,1.1589E-16,5.8095E-17,4.7378E-19,5.721E-17,8.9421E-17,-0,-0,-0,3.3357E-17,7.9925E-17,-0,2.9827E-17,5.1184E-18,3.6745E-17
TSV3,1.2542E-15,5.9642E-15,8.1489E-16,5.9546E-15,1.2391E-15,1.5237E-16,1.6829E-15,4.5766E-15,1.6835E-15,1.4719E-16,-0,9.8772E-17,1.1047E-16,9.8205E-17,-0,5.903E-17,-0,-0,-0,5.9887E-17,3.15E-17,2.9144E-17,5.835E-17,2.844E-17,3.0486E-17
TSV4,4.569E-16,9.6424E-16,5.9546E-15,8.8954E-16,6.4187E-15,8.8838E-17,4.4555E-17,1.6978E-15,4.6026E-15,2.0432E-15,5.839E-17,1.8594E-18,5.7916E-17,1.157E-16,1.5177E-16,3.2447E-17,-0,-0,-0,8.9615E-17,3.6265E-17,4.9979E-18,2.9683E-17,-0,7.8008E-17
TSV5,5.0462E-16,4.4602E-16,1.2391E-15,6.4187E-15,2.2683E-15,8.1404E-17,-0,2.2919E-17,1.8063E-15,6.4337E-15,3.1866E-17,-0,-0,2.483E-17,1.2432E-15,3.6124E-17,9.5943E-19,-0,-0,4.6001E-16,7.3395E-17,3.7828E-17,3.0361E-17,7.6718E-17,5.0235E-16
TSV6,6.438E-15,2.0527E-15,1.5237E-16,8.8838E-17,8.1404E-17,8.3418E-16,4.603E-15,1.2154E-16,-0,-0,5.9936E-15,1.6974E-15,6.7004E-17,-0,3.2255E-17,9.5252E-16,3.7327E-17,4.0767E-18,-0,4.0672E-18,4.4939E-16,8.6844E-17,5.6694E-17,3.2867E-17,3.6621E-17
TSV7,1.8059E-15,4.6033E-15,1.6829E-15,4.4555E-17,-0,4.603E-15,-3.273E-16,4.5576E-15,1.3718E-16,-0,1.6848E-15,4.5817E-15,1.639E-15,5.9997E-17,-0,3.5643E-17,1.2533E-16,5.6101E-17,2.2067E-18,-0,-0,-0,-0,-0,-0
TSV8,2.38E-17,1.6977E-15,4.5766E-15,1.6978E-15,2.2919E-17,1.2154E-16,4.5576E-15,-2.1846E-16,4.5578E-15,1.208E-16,9.6545E-17,1.617E-15,4.541E-15,1.6156E-15,9.6542E-17,7.2938E-18,5.3534E-17,1.0492E-16,5.4918E-17,6.2594E-18,-0,-0,-0,-0,-0
TSV9,-0,4.6709E-17,1.6835E-15,4.6026E-15,1.8063E-15,-0,1.3718E-16,4.5578E-15,-3.2864E-16,4.5996E-15,-0,5.9456E-17,1.64E-15,4.582E-15,1.684E-15,-0,2.1937E-18,5.4783E-17,1.2541E-16,3.6441E-17,5.2662E-20,-0,-0,-0,-0
TSV10,7.981E-17,8.4129E-17,1.4719E-16,2.0432E-15,6.4337E-15,-0,-0,1.208E-16,4.5996E-15,8.4507E-16,3.1956E-17,-0,6.6005E-17,1.6985E-15,5.9939E-15,4.017E-18,-0,4.3862E-18,3.6562E-17,9.5145E-16,3.7543E-17,3.3413E-17,5.7431E-17,8.7355E-17,4.4937E-16
TSV11,1.2461E-15,1.532E-16,-0,5.839E-17,3.1866E-17,5.9936E-15,1.6848E-15,9.6545E-17,-0,3.1956E-17,8.2887E-16,4.5842E-15,1.1937E-16,-0,5.9294E-17,5.9859E-15,1.6831E-15,8.978E-17,-0,2.7087E-17,1.2471E-15,1.3969E-16,-0,5.8631E-17,2.9542E-17
TSV12,2.4937E-17,1.1589E-16,9.8772E-17,1.8594E-18,-0,1.6974E-15,4.5817E-15,1.617E-15,5.9456E-17,-0,4.5842E-15,-1.9868E-16,4.4984E-15,1.1308E-16,-0,1.696E-15,4.5809E-15,1.6268E-15,5.5729E-17,-0,1.9414E-17,1.1587E-16,1.0051E-16,-0,-0
TSV13,-0,5.8095E-17,1.1047E-16,5.7916E-17,-0,6.7004E-17,1.639E-15,4.541E-15,1.64E-15,6.6005E-17,1.1937E-16,4.4984E-15,-1.4174E-16,4.4985E-15,1.1931E-16,6.1726E-17,1.6468E-15,4.5265E-15,1.6456E-15,6.2571E-17,-0,6.1397E-17,1.1428E-16,6.1391E-17,-0
TSV14,-0,4.7378E-19,9.8205E-17,1.157E-16,2.483E-17,-0,5.9997E-17,1.6156E-15,4.582E-15,1.6985E-15,-0,1.1308E-16,4.4985E-15,-1.9506E-16,4.5842E-15,2.3238E-20,5.5144E-17,1.6283E-15,4.5804E-15,1.6929E-15,-0,2.5099E-19,9.9994E-17,1.1472E-16,2.1521E-17
TSV15,3.1737E-17,5.721E-17,-0,1.5177E-16,1.2432E-15,3.2255E-17,-0,9.6542E-17,1.684E-15,5.9939E-15,5.9294E-17,-0,1.1931E-16,4.5842E-15,8.4617E-16,2.7902E-17,-0,8.9584E-17,1.6837E-15,5.9729E-15,2.9632E-17,5.6953E-17,-0,1.3764E-16,1.2489E-15
TSV16,4.608E-16,8.9421E-17,5.903E-17,3.2447E-17,3.6124E-17,9.5252E-16,3.5643E-17,7.2938E-18,-0,4.017E-18,5.9859E-15,1.696E-15,6.1726E-17,2.3238E-20,2.7902E-17,8.6604E-16,4.6035E-15,1.2255E-16,-0,-0,6.419E-15,2.0455E-15,1.509E-16,8.9075E-17,7.9553E-17
TSV17,-0,-0,-0,-0,9.5943E-19,3.7327E-17,1.2533E-16,5.3534E-17,2.1937E-18,-0,1.6831E-15,4.5809E-15,1.6468E-15,5.5144E-17,-0,4.6035E-15,-3.3188E-16,4.5581E-15,1.3616E-16,-0,1.8049E-15,4.6025E-15,1.683E-15,4.4394E-17,-0
TSV18,-0,-0,-0,-0,-0,4.0767E-18,5.6101E-17,1.0492E-16,5.4783E-17,4.3862E-18,8.978E-17,1.6268E-15,4.5265E-15,1.6283E-15,8.9584E-17,1.2255E-16,4.5581E-15,-2.1315E-16,4.5581E-15,1.2219E-16,2.2743E-17,1.697E-15,4.5787E-15,1.6956E-15,2.3297E-17
TSV19,3.4783E-18,-0,-0,-0,-0,-0,2.2067E-18,5.4918E-17,1.2541E-16,3.6562E-17,-0,5.5729E-17,1.6456E-15,4.5804E-15,1.6837E-15,-0,1.3616E-16,4.5581E-15,-3.3723E-16,4.5984E-15,-0,4.4972E-17,1.6841E-15,4.6034E-15,1.8117E-15
TSV20,3.726E-17,3.3357E-17,5.9887E-17,8.9615E-17,4.6001E-16,4.0672E-18,-0,6.2594E-18,3.6441E-17,9.5145E-16,2.7087E-17,-0,6.2571E-17,1.6929E-15,5.9729E-15,-0,-0,1.2219E-16,4.5984E-15,8.8059E-16,7.7874E-17,8.3783E-17,1.4274E-16,2.0377E-15,6.4141E-15
TSV21,5.0527E-16,7.9925E-17,3.15E-17,3.6265E-17,7.3395E-17,4.4939E-16,-0,-0,5.2662E-20,3.7543E-17,1.2471E-15,1.9414E-17,-0,-0,2.9632E-17,6.419E-15,1.8049E-15,2.2743E-17,-0,7.7874E-17,2.2653E-15,6.427E-15,1.2522E-15,4.5657E-16,5.0147E-16
TSV22,7.8392E-17,-0,2.9144E-17,4.9979E-18,3.7828E-17,8.6844E-17,-0,-0,-0,3.3413E-17,1.3969E-16,1.1587E-16,6.1397E-17,2.5099E-19,5.6953E-17,2.0455E-15,4.6025E-15,1.697E-15,4.4972E-17,8.3783E-17,6.427E-15,8.9448E-16,5.9633E-15,9.6321E-16,4.4579E-16
TSV23,3.0989E-17,2.9827E-17,5.835E-17,2.9683E-17,3.0361E-17,5.6694E-17,-0,-0,-0,5.7431E-17,-0,1.0051E-16,1.1428E-16,9.9994E-17,-0,1.509E-16,1.683E-15,4.5787E-15,1.6841E-15,1.4274E-16,1.2522E-15,5.9633E-15,8.1713E-16,5.9623E-15,1.238E-15
TSV24,3.77E-17,5.1184E-18,2.844E-17,-0,7.6718E-17,3.2867E-17,-0,-0,-0,8.7355E-17,5.8631E-17,-0,6.1391E-17,1.1472E-16,1.3764E-16,8.9075E-17,4.4394E-17,1.6956E-15,4.6034E-15,2.0377E-15,4.5657E-16,9.6321E-16,5.9623E-15,9.1516E-16,6.4222E-15
TSV25,7.3338E-17,3.6745E-17,3.0486E-17,7.8008E-17,5.0235E-16,3.6621E-17,-0,-0,-0,4.4937E-16,2.9542E-17,-0,-0,2.1521E-17,1.2489E-15,7.9553E-17,-0,2.3297E-17,1.8117E-15,6.4141E-15,5.0147E-16,4.4579E-16,1.238E-15,6.4222E-15,2.3199E-15

Conductance Matrix
,TSV1,TSV2,TSV3,TSV4,TSV5,TSV6,TSV7,TSV8,TSV9,TSV10,TSV11,TSV12,TSV13,TSV14,TSV15,TSV16,TSV17,TSV18,TSV19,TSV20,TSV21,TSV22,TSV23,TSV24,TSV25,
TSV1,0.31799,-0.0048971,-0.033003,-0.016375,-0.015635,-0.0042107,-0.034084,-0.011408,-0.0027544,-0.0061582,-0.033022,-0.011486,-0.0014415,-1.806E-05,-0.0026306,-0.016474,-0.0026942,-5.9776E-05,-0.00041146,-0.0026155,-0.015616,-0.0061121,-0.0026226,-0.002634,-0.0037164
TSV2,-0.0048971,0.27163,-0.0006837,-0.025966,-0.016279,-0.038258,-0.00925,-0.027616,-0.010816,-0.0073019,-0.015984,-0.013229,-0.0081573,-0.0021824,-0.0040556,-0.007467,-0.0019301,-0.00092528,-0.00029393,-0.0028519,-0.0060695,-0.00047928,-0.00082325,-0.00090768,-0.0025753
TSV3,-0.033003,-0.0006837,0.27118,-0.00054942,-0.03286,-0.015737,-0.027544,-0.0080225,-0.02728,-0.015716,-0.004116,-0.0091743,-0.012343,-0.0092169,-0.0041269,-0.004137,-0.0011812,-0.0011738,-0.0012007,-0.0041528,-0.002628,-0.00080786,-0.002736,-0.00074326,-0.0025464
TSV4,-0.016375,-0.025966,-0.00054942,0.27133,-0.0045562,-0.0073651,-0.010843,-0.027798,-0.009099,-0.038039,-0.0040575,-0.0021926,-0.0080751,-0.01321,-0.015961,-0.0028244,-0.00028542,-0.00089746,-0.001921,-0.0074603,-0.0025829,-0.00089508,-0.00075284,-0.00035866,-0.0059544
TSV5,-0.015635,-0.016279,-0.03286,-0.0045562,0.31871,-0.0061475,-0.0027404,-0.01133,-0.034063,-0.0043602,-0.0026206,-2.0341E-05,-0.0013733,-0.011443,-0.032904,-0.0025799,-0.00040181,-4.6326E-05,-0.0026658,-0.016415,-0.0037126,-0.0026024,-0.0025485,-0.0059677,-0.015476
TSV6,-0.0042107,-0.038258,-0.015737,-0.0073651,-0.0061475,0.27271,-0.0091455,-0.012958,-0.0018713,-0.00053839,-0.001132,-0.028174,-0.0081985,-0.00083975,-0.0008439,-0.026306,-0.010774,-0.0022022,-0.00029985,-0.00087686,-0.016447,-0.0074996,-0.004119,-0.0028487,-0.0025659
TSV7,-0.034084,-0.00925,-0.027544,-0.010843,-0.0027404,-0.0091455,0.23787,-0.0053831,-0.011996,-0.0018521,-0.027695,-0.0063672,-0.024448,-0.0072214,-0.0012158,-0.010723,-0.012486,-0.0075196,-0.0012481,-0.0002841,-0.0026678,-0.0019642,-0.0012395,-0.00028545,-0.00034669
TSV8,-0.011408,-0.027616,-0.0080225,-0.027798,-0.01133,-0.012958,-0.0053831,0.2365,-0.0053612,-0.012906,-0.00893,-0.0245,-0.0067672,-0.024406,-0.0089877,-0.0021928,-0.0074306,-0.011633,-0.0075,-0.0022138,-5.088E-05,-0.00092787,-0.0012586,-0.0009358,-2.1471E-05
TSV9,-0.0027544,-0.010816,-0.02728,-0.009099,-0.034063,-0.0018713,-0.011996,-0.0053612,0.23786,-0.009121,-0.0012074,-0.0071857,-0.024492,-0.0064109,-0.027754,-0.00029015,-0.0012386,-0.0074526,-0.012488,-0.010789,-0.00038613,-0.00030101,-0.0012284,-0.0019582,-0.0026691
TSV10,-0.0061582,-0.0073019,-0.015716,-0.038039,-0.0043602,-0.00053839,-0.0018521,-0.012906,-0.009121,0.27251,-0.00083586,-0.00082343,-0.0080902,-0.028158,-0.0010954,-0.0008715,-0.00030068,-0.002172,-0.010699,-0.026292,-0.0025922,-0.0028699,-0.0041183,-0.0074629,-0.016413
TSV11,-0.033022,-0.015984,-0.004116,-0.0040575,-0.0026206,-0.001132,-0.027695,-0.00893,-0.0012074,-0.00083586,0.27418,-0.0075693,-0.012019,-0.0011759,-0.0027742,-0.00079294,-0.027523,-0.0087755,-0.0011014,-0.00075403,-0.033172,-0.015722,-0.0040679,-0.0040561,-0.0025524
TSV12,-0.011486,-0.013229,-0.0091743,-0.0021926,-2.0341E-05,-0.028174,-0.0063672,-0.0245,-0.0071857,-0.00082343,-0.0075693,0.23737,-0.0051369,-0.010868,-0.0011748,-0.027678,-0.0059893,-0.024453,-0.0073472,-0.0010577,-0.01099,-0.012912,-0.0091522,-0.0022451,-0.0001388
TSV13,-0.0014415,-0.0081573,-0.012343,-0.0080751,-0.0013733,-0.0081985,-0.024448,-0.0067672,-0.024492,-0.0080902,-0.012019,-0.0051369,0.23665,-0.005136,-0.012014,-0.0080273,-0.024446,-0.0063693,-0.024397,-0.0081186,-0.0013308,-0.0081114,-0.012188,-0.0081918,-0.0013788
TSV14,-1.806E-05,-0.0021824,-0.0092169,-0.01321,-0.011443,-0.00083975,-0.0072214,-0.024406,-0.0064109,-0.028158,-0.0011759,-0.010868,-0.005136,0.23737,-0.00756,-0.0010494,-0.0073054,-0.024542,-0.0059299,-0.027646,-0.00014616,-0.0022309,-0.0090808,-0.012888,-0.010952
TSV15,-0.0026306,-0.0040556,-0.0041269,-0.015961,-0.032904,-0.0008439,-0.0012158,-0.0089877,-0.027754,-0.0010954,-0.0027742,-0.0011748,-0.012014,-0.00756,0.27422,-0.00075652,-0.0010793,-0.008688,-0.027424,-0.00067222,-0.0025664,-0.0040089,-0.0039763,-0.01563,-0.033035
TSV16,-0.016474,-0.007467,-0.004137,-0.0028244,-0.0025799,-0.026306,-0.010723,-0.0021928,-0.00029015,-0.0008715,-0.00079294,-0.027678,-0.0080273,-0.0010494,-0.00075652,0.27285,-0.0091836,-0.013006,-0.0018961,-0.00039179,-0.0042159,-0.038072,-0.015749,-0.0073576,-0.0060068
TSV17,-0.0026942,-0.0019301,-0.0011812,-0.00028542,-0.00040181,-0.010774,-0.012486,-0.0074306,-0.0012386,-0.00030068,-0.027523,-0.0059893,-0.024446,-0.0073054,-0.0010793,-0.0091836,0.23765,-0.0054931,-0.012044,-0.0018673,-0.034082,-0.0092252,-0.027407,-0.010861,-0.0027239
TSV18,-5.9776E-05,-0.00092528,-0.0011738,-0.00089746,-4.6326E-05,-0.0022022,-0.0075196,-0.011633,-0.0074526,-0.002172,-0.0087755,-0.024453,-0.0063693,-0.024542,-0.008688,-0.013006,-0.0054931,0.23633,-0.0055001,-0.012973,-0.011361,-0.027859,-0.0080979,-0.027671,-0.011286
TSV19,-0.00041146,-0.00029393,-0.0012007,-0.001921,-0.0026658,-0.00029985,-0.0012481,-0.0075,-0.012488,-0.010699,-0.0011014,-0.0073472,-0.024397,-0.0059299,-0.027424,-0.0018961,-0.012044,-0.0055001,0.23763,-0.0092967,-0.0027362,-0.010819,-0.027497,-0.0093765,-0.033934
TSV20,-0.0026155,-0.0028519,-0.0041528,-0.0074603,-0.016415,-0.00087686,-0.0002841,-0.0022138,-0.010789,-0.026292,-0.00075403,-0.0010577,-0.0081186,-0.027646,-0.00067222,-0.00039179,-0.0018673,-0.012973,-0.0092967,0.2717,-0.0060017,-0.007267,-0.015576,-0.038218,-0.0038706
TSV21,-0.015616,-0.0060695,-0.002628,-0.0025829,-0.0037126,-0.016447,-0.0026678,-5.088E-05,-0.00038613,-0.0025922,-0.033172,-0.01099,-0.0013308,-0.00014616,-0.0025664,-0.0042159,-0.034082,-0.011361,-0.0027362,-0.0060017,0.31814,-0.0047221,-0.032872,-0.016313,-0.015487
TSV22,-0.0061121,-0.00047928,-0.00080786,-0.00089508,-0.0026024,-0.0074996,-0.0019642,-0.00092787,-0.00030101,-0.0028699,-0.015722,-0.012912,-0.0081114,-0.0022309,-0.0040089,-0.038072,-0.0092252,-0.027859,-0.010819,-0.007267,-0.0047221,0.27113,-0.00067717,-0.02596,-0.016265
TSV23,-0.0026226,-0.00082325,-0.002736,-0.00075284,-0.0025485,-0.004119,-0.0012395,-0.0012586,-0.0012284,-0.0041183,-0.0040679,-0.0091522,-0.012188,-0.0090808,-0.0039763,-0.015749,-0.027407,-0.0080979,-0.027497,-0.015576,-0.032872,-0.00067717,0.27181,-0.00063193,-0.032737
TSV24,-0.002634,-0.00090768,-0.00074326,-0.00035866,-0.0059677,-0.0028487,-0.00028545,-0.0009358,-0.0019582,-0.0074629,-0.0040561,-0.0022451,-0.0081918,-0.012888,-0.01563,-0.0073576,-0.010861,-0.027671,-0.0093765,-0.038218,-0.016313,-0.02596,-0.00063193,0.27129,-0.0045768
TSV25,-0.0037164,-0.0025753,-0.0025464,-0.0059544,-0.015476,-0.0025659,-0.00034669,-2.1471E-05,-0.0026691,-0.016413,-0.0025524,-0.0001388,-0.0013788,-0.010952,-0.033035,-0.0060068,-0.0027239,-0.011286,-0.033934,-0.0038706,-0.015487,-0.016265,-0.032737,-0.0045768,0.32018

Conductance Matrix Coupling Coefficient
,TSV1,TSV2,TSV3,TSV4,TSV5,TSV6,TSV7,TSV8,TSV9,TSV10,TSV11,TSV12,TSV13,TSV14,TSV15,TSV16,TSV17,TSV18,TSV19,TSV20,TSV21,TSV22,TSV23,TSV24,TSV25,
TSV1,1,0.016663,0.11239,0.055747,0.049111,0.014299,0.12393,0.041599,0.010015,0.02092,0.11184,0.041807,0.0052549,6.5734E-05,0.0089085,0.055927,0.0098005,0.00021805,0.0014968,0.0088982,0.049098,0.020816,0.0089206,0.0089679,0.011647
TSV2,0.016663,1,0.0025191,0.095647,0.055326,0.14057,0.03639,0.10896,0.042551,0.026839,0.058573,0.052099,0.032174,0.0085947,0.01486,0.027428,0.0075968,0.003652,0.0011569,0.010498,0.020647,0.0017661,0.0030298,0.0033437,0.0087326
TSV3,0.11239,0.0025191,1,0.0020255,0.11177,0.057868,0.10845,0.031679,0.10741,0.057814,0.015095,0.03616,0.048724,0.036328,0.015134,0.015209,0.0046531,0.0046368,0.0047297,0.015299,0.0089473,0.0029794,0.010077,0.0027402,0.0086417
TSV4,0.055747,0.095647,0.0020255,1,0.015494,0.027076,0.042681,0.10974,0.035817,0.13989,0.014876,0.0086399,0.031867,0.052053,0.058513,0.01038,0.001124,0.0035441,0.0075654,0.027477,0.0087913,0.0033001,0.0027722,0.0013219,0.020202
TSV5,0.049111,0.055326,0.11177,0.015494,1,0.020852,0.0099528,0.04127,0.12371,0.014795,0.008865,7.3954E-05,0.0050003,0.041603,0.1113,0.0087486,0.00146,0.0001688,0.0096867,0.055781,0.011659,0.0088529,0.0086589,0.020295,0.048447
TSV6,0.014299,0.14057,0.057868,0.027076,0.020852,1,0.035908,0.051023,0.0073474,0.001975,0.0041398,0.11074,0.032272,0.0033005,0.003086,0.096439,0.04232,0.0086746,0.0011779,0.0032213,0.055839,0.027581,0.015129,0.010473,0.0086834
TSV7,0.12393,0.03639,0.10845,0.042681,0.0099528,0.035908,1,0.022696,0.05043,0.0072746,0.10844,0.026796,0.10304,0.03039,0.0047602,0.042091,0.052514,0.031715,0.0052497,0.0011175,0.0096975,0.0077344,0.0048747,0.0011236,0.0012562
TSV8,0.041599,0.10896,0.031679,0.10974,0.04127,0.051023,0.022696,1,0.022604,0.050839,0.035069,0.10341,0.028605,0.10301,0.035293,0.0086323,0.031344,0.049206,0.031637,0.0087333,0.00018549,0.0036643,0.0049642,0.0036945,7.8028E-05
TSV9,0.010015,0.042551,0.10741,0.035817,0.12371,0.0073474,0.05043,0.022604,1,0.035825,0.004728,0.030241,0.10323,0.02698,0.10867,0.0011389,0.0052098,0.031433,0.052527,0.042438,0.0014036,0.0011853,0.0048309,0.0077085,0.0096719
TSV10,0.02092,0.026839,0.057814,0.13989,0.014795,0.001975,0.0072746,0.050839,0.035825,1,0.003058,0.0032376,0.031858,0.11071,0.0040073,0.0031961,0.0011815,0.0085587,0.042044,0.096624,0.0088039,0.010558,0.015132,0.027447,0.055565
TSV11,0.11184,0.058573,0.015095,0.014876,0.008865,0.0041398,0.10844,0.035069,0.004728,0.003058,1,0.029671,0.047186,0.0046093,0.010118,0.0028991,0.10783,0.034474,0.0043152,0.0027627,0.11232,0.057665,0.014901,0.014872,0.0086147
TSV12,0.041807,0.052099,0.03616,0.0086399,7.3954E-05,0.11074,0.026796,0.10341,0.030241,0.0032376,0.029671,1,0.021674,0.045783,0.0046048,0.10876,0.025217,0.10324,0.030936,0.0041648,0.039994,0.050898,0.036031,0.0088471,0.00050347
TSV13,0.0052549,0.032174,0.048724,0.031867,0.0050003,0.032272,0.10304,0.028605,0.10323,0.031858,0.047186,0.021674,1,0.02167,0.04716,0.03159,0.10308,0.026933,0.10288,0.032017,0.0048502,0.032023,0.048056,0.03233,0.0050091
TSV14,6.5734E-05,0.0085947,0.036328,0.052053,0.041603,0.0033005,0.03039,0.10301,0.02698,0.11071,0.0046093,0.045783,0.02167,1,0.029632,0.0041233,0.030758,0.10362,0.024968,0.10886,0.00053187,0.0087939,0.03575,0.050786,0.039726
TSV15,0.0089085,0.01486,0.015134,0.058513,0.1113,0.003086,0.0047602,0.035293,0.10867,0.0040073,0.010118,0.0046048,0.04716,0.029632,1,0.0027657,0.004228,0.034128,0.10743,0.0024627,0.0086888,0.014702,0.014564,0.057304,0.11149
TSV16,0.055927,0.027428,0.015209,0.01038,0.0087486,0.096439,0.042091,0.0086323,0.0011389,0.0031961,0.0028991,0.10876,0.03159,0.0041233,0.0027657,1,0.036065,0.05122,0.0074465,0.001439,0.014309,0.13998,0.057832,0.027043,0.020323
TSV17,0.0098005,0.0075968,0.0046531,0.001124,0.00146,0.04232,0.052514,0.031344,0.0052098,0.0011815,0.10783,0.025217,0.10308,0.030758,0.004228,0.036065,1,0.023179,0.05068,0.0073486,0.12395,0.036343,0.10784,0.042775,0.0098748
TSV18,0.00021805,0.003652,0.0046368,0.0035441,0.0001688,0.0086746,0.031715,0.049206,0.031433,0.0085587,0.034474,0.10324,0.026933,0.10362,0.034128,0.05122,0.023179,1,0.023209,0.051195,0.041434,0.11006,0.031951,0.10928,0.041027
TSV19,0.0014968,0.0011569,0.0047297,0.0075654,0.0096867,0.0011779,0.0052497,0.031637,0.052527,0.042044,0.0043152,0.030936,0.10288,0.024968,0.10743,0.0074465,0.05068,0.023209,1,0.036587,0.0099515,0.042623,0.10819,0.036929,0.12302
TSV20,0.0088982,0.010498,0.015299,0.027477,0.055781,0.0032213,0.0011175,0.0087333,0.042438,0.096624,0.0027627,0.0041648,0.032017,0.10886,0.0024627,0.001439,0.0073486,0.051195,0.036587,1,0.020413,0.026774,0.057316,0.14077,0.013123
TSV21,0.049098,0.020647,0.0089473,0.0087913,0.011659,0.055839,0.0096975,0.00018549,0.0014036,0.0088039,0.11232,0.039994,0.0048502,0.00053187,0.0086888,0.014309,0.12395,0.041434,0.0099515,0.020413,1,0.016078,0.11178,0.055525,0.048526
TSV22,0.020816,0.0017661,0.0029794,0.0033001,0.0088529,0.027581,0.0077344,0.0036643,0.0011853,0.010558,0.057665,0.050898,0.032023,0.0087939,0.014702,0.13998,0.036343,0.11006,0.042623,0.026774,0.016078,1,0.0024945,0.09572,0.055206
TSV23,0.0089206,0.0030298,0.010077,0.0027722,0.0086589,0.015129,0.0048747,0.0049642,0.0048309,0.015132,0.014901,0.036031,0.048056,0.03575,0.014564,0.057832,0.10784,0.031951,0.10819,0.057316,0.11178,0.0024945,1,0.0023271,0.11097
TSV24,0.0089679,0.0033437,0.0027402,0.0013219,0.020295,0.010473,0.0011236,0.0036945,0.0077085,0.027447,0.014872,0.0088471,0.03233,0.050786,0.057304,0.027043,0.042775,0.10928,0.036929,0.14077,0.055525,0.09572,0.0023271,1,0.015529
TSV25,0.011647,0.0087326,0.0086417,0.020202,0.048447,0.0086834,0.0012562,7.8028E-05,0.0096719,0.055565,0.0086147,0.00050347,0.0050091,0.039726,0.11149,0.020323,0.0098748,0.041027,0.12302,0.013123,0.048526,0.055206,0.11097,0.015529,1

Spice Conductance Matrix
,TSV1,TSV2,TSV3,TSV4,TSV5,TSV6,TSV7,TSV8,TSV9,TSV10,TSV11,TSV12,TSV13,TSV14,TSV15,TSV16,TSV17,TSV18,TSV19,TSV20,TSV21,TSV22,TSV23,TSV24,TSV25,
TSV1,0.087914,0.0048971,0.033003,0.016375,0.015635,0.0042107,0.034084,0.011408,0.0027544,0.0061582,0.033022,0.011486,0.0014415,1.806E-05,0.0026306,0.016474,0.0026942,5.9776E-05,0.00041146,0.0026155,0.015616,0.0061121,0.0026226,0.002634,0.0037164
TSV2,0.0048971,0.062629,0.0006837,0.025966,0.016279,0.038258,0.00925,0.027616,0.010816,0.0073019,0.015984,0.013229,0.0081573,0.0021824,0.0040556,0.007467,0.0019301,0.00092528,0.00029393,0.0028519,0.0060695,0.00047928,0.00082325,0.00090768,0.0025753
TSV3,0.033003,0.0006837,0.049503,0.00054942,0.03286,0.015737,0.027544,0.0080225,0.02728,0.015716,0.004116,0.0091743,0.012343,0.0092169,0.0041269,0.004137,0.0011812,0.0011738,0.0012007,0.0041528,0.002628,0.00080786,0.002736,0.00074326,0.0025464
TSV4,0.016375,0.025966,0.00054942,0.063311,0.0045562,0.0073651,0.010843,0.027798,0.009099,0.038039,0.0040575,0.0021926,0.0080751,0.01321,0.015961,0.0028244,0.00028542,0.00089746,0.001921,0.0074603,0.0025829,0.00089508,0.00075284,0.00035866,0.0059544
TSV5,0.015635,0.016279,0.03286,0.0045562,0.089961,0.0061475,0.0027404,0.01133,0.034063,0.0043602,0.0026206,2.0341E-05,0.0013733,0.011443,0.032904,0.0025799,0.00040181,4.6326E-05,0.0026658,0.016415,0.0037126,0.0026024,0.0025485,0.0059677,0.015476
TSV6,0.0042107,0.038258,0.015737,0.0073651,0.0061475,0.063349,0.0091455,0.012958,0.0018713,0.00053839,0.001132,0.028174,0.0081985,0.00083975,0.0008439,0.026306,0.010774,0.0022022,0.00029985,0.00087686,0.016447,0.0074996,0.004119,0.0028487,0.0025659
TSV7,0.034084,0.00925,0.027544,0.010843,0.0027404,0.0091455,0.019326,0.0053831,0.011996,0.0018521,0.027695,0.0063672,0.024448,0.0072214,0.0012158,0.010723,0.012486,0.0075196,0.0012481,0.0002841,0.0026678,0.0019642,0.0012395,0.00028545,0.00034669
TSV8,0.011408,0.027616,0.0080225,0.027798,0.01133,0.012958,0.0053831,0.0059588,0.0053612,0.012906,0.00893,0.0245,0.0067672,0.024406,0.0089877,0.0021928,0.0074306,0.011633,0.0075,0.0022138,5.088E-05,0.00092787,0.0012586,0.0009358,2.1471E-05
TSV9,0.0027544,0.010816,0.02728,0.009099,0.034063,0.0018713,0.011996,0.0053612,0.019651,0.009121,0.0012074,0.0071857,0.024492,0.0064109,0.027754,0.00029015,0.0012386,0.0074526,0.012488,0.010789,0.00038613,0.00030101,0.0012284,0.0019582,0.0026691
TSV10,0.0061582,0.0073019,0.015716,0.038039,0.0043602,0.00053839,0.0018521,0.012906,0.009121,0.063719,0.00083586,0.00082343,0.0080902,0.028158,0.0010954,0.0008715,0.00030068,0.002172,0.010699,0.026292,0.0025922,0.0028699,0.0041183,0.0074629,0.016413
TSV11,0.033022,0.015984,0.004116,0.0040575,0.0026206,0.001132,0.027695,0.00893,0.0012074,0.00083586,0.05252,0.0075693,0.012019,0.0011759,0.0027742,0.00079294,0.027523,0.0087755,0.0011014,0.00075403,0.033172,0.015722,0.0040679,0.0040561,0.0025524
TSV12,0.011486,0.013229,0.0091743,0.0021926,2.0341E-05,0.028174,0.0063672,0.0245,0.0071857,0.00082343,0.0075693,0.0075009,0.0051369,0.010868,0.0011748,0.027678,0.0059893,0.024453,0.0073472,0.0010577,0.01099,0.012912,0.0091522,0.0022451,0.0001388
TSV13,0.0014415,0.0081573,0.012343,0.0080751,0.0013733,0.0081985,0.024448,0.0067672,0.024492,0.0080902,0.012019,0.0051369,-0.0036001,0.005136,0.012014,0.0080273,0.024446,0.0063693,0.024397,0.0081186,0.0013308,0.0081114,0.012188,0.0081918,0.0013788
TSV14,1.806E-05,0.0021824,0.0092169,0.01321,0.011443,0.00083975,0.0072214,0.024406,0.0064109,0.028158,0.0011759,0.010868,0.005136,0.0077563,0.00756,0.0010494,0.0073054,0.024542,0.0059299,0.027646,0.00014616,0.0022309,0.0090808,0.012888,0.010952
TSV15,0.0026306,0.0040556,0.0041269,0.015961,0.032904,0.0008439,0.0012158,0.0089877,0.027754,0.0010954,0.0027742,0.0011748,0.012014,0.00756,0.053285,0.00075652,0.0010793,0.008688,0.027424,0.00067222,0.0025664,0.0040089,0.0039763,0.01563,0.033035
TSV16,0.016474,0.007467,0.004137,0.0028244,0.0025799,0.026306,0.010723,0.0021928,0.00029015,0.0008715,0.00079294,0.027678,0.0080273,0.0010494,0.00075652,0.064797,0.0091836,0.013006,0.0018961,0.00039179,0.0042159,0.038072,0.015749,0.0073576,0.0060068
TSV17,0.0026942,0.0019301,0.0011812,0.00028542,0.00040181,0.010774,0.012486,0.0074306,0.0012386,0.00030068,0.027523,0.0059893,0.024446,0.0073054,0.0010793,0.0091836,0.019694,0.0054931,0.012044,0.0018673,0.034082,0.0092252,0.027407,0.010861,0.0027239
TSV18,5.9776E-05,0.00092528,0.0011738,0.00089746,4.6326E-05,0.0022022,0.0075196,0.011633,0.0074526,0.002172,0.0087755,0.024453,0.0063693,0.024542,0.008688,0.013006,0.0054931,0.0061722,0.0055001,0.012973,0.011361,0.027859,0.0080979,0.027671,0.011286
TSV19,0.00041146,0.00029393,0.0012007,0.001921,0.0026658,0.00029985,0.0012481,0.0075,0.012488,0.010699,0.0011014,0.0073472,0.024397,0.0059299,0.027424,0.0018961,0.012044,0.0055001,0.019605,0.0092967,0.0027362,0.010819,0.027497,0.0093765,0.033934
TSV20,0.0026155,0.0028519,0.0041528,0.0074603,0.016415,0.00087686,0.0002841,0.0022138,0.010789,0.026292,0.00075403,0.0010577,0.0081186,0.027646,0.00067222,0.00039179,0.0018673,0.012973,0.0092967,0.064043,0.0060017,0.007267,0.015576,0.038218,0.0038706
TSV21,0.015616,0.0060695,0.002628,0.0025829,0.0037126,0.016447,0.0026678,5.088E-05,0.00038613,0.0025922,0.033172,0.01099,0.0013308,0.00014616,0.0025664,0.0042159,0.034082,0.011361,0.0027362,0.0060017,0.089393,0.0047221,0.032872,0.016313,0.015487
TSV22,0.0061121,0.00047928,0.00080786,0.00089508,0.0026024,0.0074996,0.0019642,0.00092787,0.00030101,0.0028699,0.015722,0.012912,0.0081114,0.0022309,0.0040089,0.038072,0.0092252,0.027859,0.010819,0.007267,0.0047221,0.062815,0.00067717,0.02596,0.016265
TSV23,0.0026226,0.00082325,0.002736,0.00075284,0.0025485,0.004119,0.0012395,0.0012586,0.0012284,0.0041183,0.0040679,0.0091522,0.012188,0.0090808,0.0039763,0.015749,0.027407,0.0080979,0.027497,0.015576,0.032872,0.00067717,0.050653,0.00063193,0.032737
TSV24,0.002634,0.00090768,0.00074326,0.00035866,0.0059677,0.0028487,0.00028545,0.0009358,0.0019582,0.0074629,0.0040561,0.0022451,0.0081918,0.012888,0.01563,0.0073576,0.010861,0.027671,0.0093765,0.038218,0.016313,0.02596,0.00063193,0.063215,0.0045768
TSV25,0.0037164,0.0025753,0.0025464,0.0059544,0.015476,0.0025659,0.00034669,2.1471E-05,0.0026691,0.016413,0.0025524,0.0001388,0.0013788,0.010952,0.033035,0.0060068,0.0027239,0.011286,0.033934,0.0038706,0.015487,0.016265,0.032737,0.0045768,0.092949

