Design Variation:  d_min='2.5um' l_tsv='50um' r_tsv='0.5um' ring_distance='0um' substrate_length='35um' t_ox='0.1um' tie_size='0um' w_dep='0.483um'
Setup1:LastAdaptive
Problem Type:  C
C Units:farad, G Units:mSie
Reduce Matrix:  Original
Frequency:  6GHz

Capacitance Matrix
,TSV1,TSV2,TSV3,TSV4,TSV5,TSV6,TSV7,TSV8,TSV9,TSV10,TSV11,TSV12,TSV13,TSV14,TSV15,TSV16,TSV17,TSV18,TSV19,TSV20,TSV21,TSV22,TSV23,TSV24,TSV25,
TSV1,1.8225E-14,-5.069E-15,-1.2815E-15,-6.5745E-16,-6.3796E-16,-5.0691E-15,-1.6422E-15,-1.2069E-16,0,-1.4936E-16,-1.2812E-15,-1.2077E-16,0,0,-8.8542E-17,-6.5704E-16,0,0,0,-7.3653E-17,-6.3776E-16,-1.4935E-16,-8.847E-17,-7.354E-17,-1.5583E-16
TSV2,-5.069E-15,1.9621E-14,-4.5506E-15,-1.027E-15,-6.5795E-16,-1.9291E-15,-3.5525E-15,-1.5043E-15,-1.0668E-16,-1.2234E-16,-3.0796E-16,-1.5437E-16,-7.3145E-17,0,-5.9294E-17,-1.2194E-16,0,0,0,-4.3182E-17,-1.4857E-16,-2.1485E-17,-1.3066E-17,-1.4572E-17,-7.3297E-17
TSV3,-1.2815E-15,-4.5506E-15,1.9703E-14,-4.5506E-15,-1.2824E-15,-3.0787E-16,-1.5068E-15,-3.5398E-15,-1.5069E-15,-3.0837E-16,-9.4148E-17,-7.0876E-17,-1.5852E-16,-7.1001E-17,-9.4577E-17,-5.8852E-17,0,0,0,-5.9366E-17,-8.7427E-17,-1.2843E-17,-8.5838E-18,-1.3066E-17,-8.8191E-17
TSV4,-6.5745E-16,-1.027E-15,-4.5506E-15,1.9621E-14,-5.0706E-15,-1.2205E-16,-1.0668E-16,-1.5042E-15,-3.5523E-15,-1.9296E-15,-5.8906E-17,0,-7.3553E-17,-1.5441E-16,-3.0854E-16,-4.2691E-17,0,0,0,-1.2249E-16,-7.2264E-17,-1.4215E-17,-1.2959E-17,-2.1525E-17,-1.4901E-16
TSV5,-6.3796E-16,-6.5795E-16,-1.2824E-15,-5.0706E-15,1.8223E-14,-1.4864E-16,0,-1.2073E-16,-1.6426E-15,-5.0696E-15,-8.7397E-17,0,0,-1.2094E-16,-1.2819E-15,-7.2211E-17,0,0,0,-6.5751E-16,-1.5303E-16,-7.2521E-17,-8.7692E-17,-1.4885E-16,-6.3695E-16
TSV6,-5.0691E-15,-1.9291E-15,-3.0787E-16,-1.2205E-16,-1.4864E-16,1.9621E-14,-3.5523E-15,-1.5439E-16,0,-2.1489E-17,-4.5505E-15,-1.5042E-15,-7.3298E-17,0,-1.3102E-17,-1.0267E-15,-1.0648E-16,0,0,-1.462E-17,-6.5815E-16,-1.2243E-16,-5.9297E-17,-4.3215E-17,-7.3496E-17
TSV7,-1.6422E-15,-3.5525E-15,-1.5068E-15,-1.0668E-16,0,-3.5523E-15,2.0545E-14,-3.4286E-15,-1.5042E-16,0,-1.5069E-15,-3.4284E-15,-1.4227E-15,-7.5612E-17,0,-1.0644E-16,-1.5007E-16,-7.544E-17,0,0,0,0,0,0,0
TSV8,-1.2069E-16,-1.5043E-15,-3.5398E-15,-1.5042E-15,-1.2073E-16,-1.5439E-16,-3.4286E-15,2.0544E-14,-3.4282E-15,-1.5432E-16,-7.0949E-17,-1.4216E-15,-3.4314E-15,-1.4214E-15,-7.0912E-17,0,-7.5535E-17,-1.5841E-16,-7.5678E-17,0,0,0,0,0,0
TSV9,0,-1.0668E-16,-1.5069E-15,-3.5523E-15,-1.6426E-15,0,-1.5042E-16,-3.4282E-15,2.0545E-14,-3.5522E-15,0,-7.5657E-17,-1.4224E-15,-3.4284E-15,-1.507E-15,0,0,-7.5668E-17,-1.5047E-16,-1.0679E-16,0,0,0,0,0
TSV10,-1.4936E-16,-1.2234E-16,-3.0837E-16,-1.9296E-15,-5.0696E-15,-2.1489E-17,0,-1.5432E-16,-3.5522E-15,1.9622E-14,-1.2838E-17,0,-7.3344E-17,-1.5042E-15,-4.5501E-15,-1.42E-17,0,0,-1.0664E-16,-1.0265E-15,-7.2432E-17,-4.2617E-17,-5.8826E-17,-1.2195E-16,-6.5705E-16
TSV11,-1.2812E-15,-3.0796E-16,-9.4148E-17,-5.8906E-17,-8.7397E-17,-4.5505E-15,-1.5069E-15,-7.0949E-17,0,-1.2838E-17,1.9703E-14,-3.54E-15,-1.586E-16,0,-8.6112E-18,-4.5507E-15,-1.5068E-15,-7.0958E-17,0,-1.3086E-17,-1.2826E-15,-3.0838E-16,-9.4531E-17,-5.9352E-17,-8.8123E-17
TSV12,-1.2077E-16,-1.5437E-16,-7.0876E-17,0,0,-1.5042E-15,-3.4284E-15,-1.4216E-15,-7.5657E-17,0,-3.54E-15,2.0543E-14,-3.4318E-15,-1.5839E-16,0,-1.5042E-15,-3.4283E-15,-1.4214E-15,-7.5514E-17,0,-1.2056E-16,-1.542E-16,-7.0767E-17,0,0
TSV13,0,-7.3145E-17,-1.5852E-16,-7.3553E-17,0,-7.3298E-17,-1.4227E-15,-3.4314E-15,-1.4224E-15,-7.3344E-17,-1.586E-16,-3.4318E-15,2.0545E-14,-3.4315E-15,-1.5859E-16,-7.3381E-17,-1.4227E-15,-3.4315E-15,-1.4228E-15,-7.3303E-17,0,-7.3265E-17,-1.584E-16,-7.3127E-17,0
TSV14,0,0,-7.1001E-17,-1.5441E-16,-1.2094E-16,0,-7.5612E-17,-1.4214E-15,-3.4284E-15,-1.5042E-15,0,-1.5839E-16,-3.4315E-15,2.0544E-14,-3.5396E-15,0,-7.5558E-17,-1.4215E-15,-3.4285E-15,-1.5043E-15,0,0,-7.0792E-17,-1.5428E-16,-1.2031E-16
TSV15,-8.8542E-17,-5.9294E-17,-9.4577E-17,-3.0854E-16,-1.2819E-15,-1.3102E-17,0,-7.0912E-17,-1.507E-15,-4.5501E-15,-8.6112E-18,0,-1.5859E-16,-3.5396E-15,1.9704E-14,-1.2965E-17,0,-7.0924E-17,-1.507E-15,-4.5498E-15,-8.7749E-17,-5.8894E-17,-9.4192E-17,-3.0809E-16,-1.2812E-15
TSV16,-6.5704E-16,-1.2194E-16,-5.8852E-17,-4.2691E-17,-7.2211E-17,-1.0267E-15,-1.0644E-16,0,0,-1.42E-17,-4.5507E-15,-1.5042E-15,-7.3381E-17,0,-1.2965E-17,1.9621E-14,-3.5527E-15,-1.5446E-16,0,-2.1563E-17,-5.0705E-15,-1.9296E-15,-3.0819E-16,-1.2238E-16,-1.4907E-16
TSV17,0,0,0,0,0,-1.0648E-16,-1.5007E-16,-7.5535E-17,0,0,-1.5068E-15,-3.4283E-15,-1.4227E-15,-7.5558E-17,0,-3.5527E-15,2.0545E-14,-3.4284E-15,-1.504E-16,0,-1.6424E-15,-3.5523E-15,-1.5067E-15,-1.0658E-16,0
TSV18,0,0,0,0,0,0,-7.544E-17,-1.5841E-16,-7.5668E-17,0,-7.0958E-17,-1.4214E-15,-3.4315E-15,-1.4215E-15,-7.0924E-17,-1.5446E-16,-3.4284E-15,2.0543E-14,-3.4285E-15,-1.5427E-16,-1.2075E-16,-1.5042E-15,-3.5398E-15,-1.5041E-15,-1.209E-16
TSV19,0,0,0,0,0,0,0,-7.5678E-17,-1.5047E-16,-1.0664E-16,0,-7.5514E-17,-1.4228E-15,-3.4285E-15,-1.507E-15,0,-1.504E-16,-3.4285E-15,2.0545E-14,-3.5522E-15,0,-1.0657E-16,-1.5067E-15,-3.5523E-15,-1.6427E-15
TSV20,-7.3653E-17,-4.3182E-17,-5.9366E-17,-1.2249E-16,-6.5751E-16,-1.462E-17,0,0,-1.0679E-16,-1.0265E-15,-1.3086E-17,0,-7.3303E-17,-1.5043E-15,-4.5498E-15,-2.1563E-17,0,-1.5427E-16,-3.5522E-15,1.9622E-14,-1.4896E-16,-1.2219E-16,-3.0818E-16,-1.9296E-15,-5.0682E-15
TSV21,-6.3776E-16,-1.4857E-16,-8.7427E-17,-7.2264E-17,-1.5303E-16,-6.5815E-16,0,0,0,-7.2432E-17,-1.2826E-15,-1.2056E-16,0,0,-8.7749E-17,-5.0705E-15,-1.6424E-15,-1.2075E-16,0,-1.4896E-16,1.8223E-14,-5.0696E-15,-1.2815E-15,-6.5716E-16,-6.3677E-16
TSV22,-1.4935E-16,-2.1485E-17,-1.2843E-17,-1.4215E-17,-7.2521E-17,-1.2243E-16,0,0,0,-4.2617E-17,-3.0838E-16,-1.542E-16,-7.3265E-17,0,-5.8894E-17,-1.9296E-15,-3.5523E-15,-1.5042E-15,-1.0657E-16,-1.2219E-16,-5.0696E-15,1.9621E-14,-4.5502E-15,-1.0266E-15,-6.5746E-16
TSV23,-8.847E-17,-1.3066E-17,-8.5838E-18,-1.2959E-17,-8.7692E-17,-5.9297E-17,0,0,0,-5.8826E-17,-9.4531E-17,-7.0767E-17,-1.584E-16,-7.0792E-17,-9.4192E-17,-3.0819E-16,-1.5067E-15,-3.5398E-15,-1.5067E-15,-3.0818E-16,-1.2815E-15,-4.5502E-15,1.9703E-14,-4.5506E-15,-1.2809E-15
TSV24,-7.354E-17,-1.4572E-17,-1.3066E-17,-2.1525E-17,-1.4885E-16,-4.3215E-17,0,0,0,-1.2195E-16,-5.9352E-17,0,-7.3127E-17,-1.5428E-16,-3.0809E-16,-1.2238E-16,-1.0658E-16,-1.5041E-15,-3.5523E-15,-1.9296E-15,-6.5716E-16,-1.0266E-15,-4.5506E-15,1.9622E-14,-5.0688E-15
TSV25,-1.5583E-16,-7.3297E-17,-8.8191E-17,-1.4901E-16,-6.3695E-16,-7.3496E-17,0,0,0,-6.5705E-16,-8.8123E-17,0,0,-1.2031E-16,-1.2812E-15,-1.4907E-16,0,-1.209E-16,-1.6427E-15,-5.0682E-15,-6.3677E-16,-6.5746E-16,-1.2809E-15,-5.0688E-15,1.8227E-14

Capacitance Matrix Coupling Coefficient
,TSV1,TSV2,TSV3,TSV4,TSV5,TSV6,TSV7,TSV8,TSV9,TSV10,TSV11,TSV12,TSV13,TSV14,TSV15,TSV16,TSV17,TSV18,TSV19,TSV20,TSV21,TSV22,TSV23,TSV24,TSV25,
TSV1,1,0.26805,0.067624,0.034767,0.035006,0.26806,0.08487,0.0062371,0,0.0078982,0.067612,0.0062413,0,0,0.0046724,0.034745,0,0,0,0.0038948,0.034995,0.0078977,0.0046687,0.0038888,0.00855
TSV2,0.26805,1,0.23144,0.052342,0.034795,0.098317,0.17694,0.074924,0.0053131,0.0062349,0.015663,0.0076888,0.0036431,0,0.0030156,0.0062146,0,0,0,0.0022007,0.0078571,0.001095,0.00066455,0.00074264,0.0038758
TSV3,0.067624,0.23144,1,0.23144,0.067679,0.015658,0.074895,0.17595,0.074898,0.015684,0.0047784,0.0035229,0.0078792,0.0035291,0.0048,0.0029932,0,0,0,0.0030193,0.0046139,0.00065318,0.00043566,0.00066452,0.0046538
TSV4,0.034767,0.052342,0.23144,1,0.26815,0.0062202,0.0053135,0.074922,0.17692,0.098341,0.0029959,0,0.0036634,0.0076911,0.015692,0.0021758,0,0,0,0.0062423,0.0038216,0.00072449,0.0006591,0.001097,0.0078794
TSV5,0.035006,0.034795,0.067679,0.26815,1,0.0078605,0,0.0062399,0.084889,0.2681,0.0046123,0,0,0.0062506,0.06765,0.0038188,0,0,0,0.034771,0.0083978,0.0038352,0.0046278,0.0078718,0.034949
TSV6,0.26806,0.098317,0.015658,0.0062202,0.0078605,1,0.17693,0.0076896,0,0.0010952,0.23144,0.074922,0.0036507,0,0.00066634,0.052328,0.0053032,0,0,0.00074506,0.034806,0.0062397,0.0030158,0.0022024,0.0038863
TSV7,0.08487,0.17694,0.074895,0.0053135,0,0.17693,1,0.16689,0.0073216,0,0.074897,0.16688,0.069248,0.0036805,0,0.0053012,0.0073047,0.0036722,0,0,0,0,0,0,0
TSV8,0.0062371,0.074924,0.17595,0.074922,0.0062399,0.0076896,0.16689,1,0.16687,0.007686,0.0035265,0.069199,0.16702,0.069192,0.0035245,0,0.0036767,0.0077111,0.0036837,0,0,0,0,0,0
TSV9,0,0.0053131,0.074898,0.17692,0.084889,0,0.0073216,0.16687,1,0.17692,0,0.0036826,0.069234,0.16688,0.074899,0,0,0.0036832,0.0073237,0.0053185,0,0,0,0,0
TSV10,0.0078982,0.0062349,0.015684,0.098341,0.2681,0.0010952,0,0.007686,0.17692,1,0.00065294,0,0.0036529,0.07492,0.23141,0.00072372,0,0,0.0053115,0.052315,0.0038305,0.0021719,0.0029919,0.006215,0.034744
TSV11,0.067612,0.015663,0.0047784,0.0029959,0.0046123,0.23144,0.074897,0.0035265,0,0.00065294,1,0.17596,0.0078827,0,0.00043704,0.23145,0.074894,0.003527,0,0.00066552,0.067688,0.015684,0.0047979,0.0030185,0.0046502
TSV12,0.0062413,0.0076888,0.0035229,0,0,0.074922,0.16688,0.069199,0.0036826,0,0.17596,1,0.16704,0.00771,0,0.074922,0.16688,0.069192,0.0036757,0,0.0062308,0.0076804,0.0035175,0,0
TSV13,0,0.0036431,0.0078792,0.0036634,0,0.0036507,0.069248,0.16702,0.069234,0.0036529,0.0078827,0.16704,1,0.16703,0.0078823,0.0036549,0.069251,0.16703,0.069252,0.0036509,0,0.003649,0.007873,0.0036421,0
TSV14,0,0,0.0035291,0.0076911,0.0062506,0,0.0036805,0.069192,0.16688,0.07492,0,0.00771,0.16703,1,0.17593,0,0.0036778,0.069195,0.16688,0.074925,0,0,0.0035187,0.0076844,0.0062175
TSV15,0.0046724,0.0030156,0.0048,0.015692,0.06765,0.00066634,0,0.0035245,0.074899,0.23141,0.00043704,0,0.0078823,0.17593,1,0.0006594,0,0.0035252,0.0749,0.23139,0.0046308,0.0029952,0.0047805,0.015669,0.067605
TSV16,0.034745,0.0062146,0.0029932,0.0021758,0.0038188,0.052328,0.0053012,0,0,0.00072372,0.23145,0.074922,0.0036549,0,0.0006594,1,0.17695,0.0076936,0,0.0010989,0.26815,0.098342,0.015675,0.0062373,0.0078825
TSV17,0,0,0,0,0,0.0053032,0.0073047,0.0036767,0,0,0.074894,0.16688,0.069251,0.0036778,0,0.17695,1,0.16688,0.0073205,0,0.084882,0.17693,0.074887,0.0053082,0
TSV18,0,0,0,0,0,0,0.0036722,0.0077111,0.0036832,0,0.003527,0.069192,0.16703,0.069195,0.0035252,0.0076936,0.16688,1,0.16689,0.0076838,0.0062406,0.074923,0.17594,0.074914,0.0062478
TSV19,0,0,0,0,0,0,0,0.0036837,0.0073237,0.0053115,0,0.0036757,0.069252,0.16688,0.0749,0,0.0073205,0.16689,1,0.17692,0,0.005308,0.074888,0.17692,0.08489
TSV20,0.0038948,0.0022007,0.0030193,0.0062423,0.034771,0.00074506,0,0,0.0053185,0.052315,0.00066552,0,0.0036509,0.074925,0.23139,0.0010989,0,0.0076838,0.17692,1,0.0078775,0.0062272,0.015673,0.098337,0.26799
TSV21,0.034995,0.0078571,0.0046139,0.0038216,0.0083978,0.034806,0,0,0,0.0038305,0.067688,0.0062308,0,0,0.0046308,0.26815,0.084882,0.0062406,0,0.0078775,1,0.2681,0.067633,0.034753,0.034939
TSV22,0.0078977,0.001095,0.00065318,0.00072449,0.0038352,0.0062397,0,0,0,0.0021719,0.015684,0.0076804,0.003649,0,0.0029952,0.098342,0.17693,0.074923,0.005308,0.0062272,0.2681,1,0.23142,0.052319,0.034765
TSV23,0.0046687,0.00066455,0.00043566,0.0006591,0.0046278,0.0030158,0,0,0,0.0029919,0.0047979,0.0035175,0.007873,0.0035187,0.0047805,0.015675,0.074887,0.17594,0.074888,0.015673,0.067633,0.23142,1,0.23144,0.067591
TSV24,0.0038888,0.00074264,0.00066452,0.001097,0.0078718,0.0022024,0,0,0,0.006215,0.0030185,0,0.0036421,0.0076844,0.015669,0.0062373,0.0053082,0.074914,0.17692,0.098337,0.034753,0.052319,0.23144,1,0.26802
TSV25,0.00855,0.0038758,0.0046538,0.0078794,0.034949,0.0038863,0,0,0,0.034744,0.0046502,0,0,0.0062175,0.067605,0.0078825,0,0.0062478,0.08489,0.26799,0.034939,0.034765,0.067591,0.26802,1

Spice Capacitance Matrix
,TSV1,TSV2,TSV3,TSV4,TSV5,TSV6,TSV7,TSV8,TSV9,TSV10,TSV11,TSV12,TSV13,TSV14,TSV15,TSV16,TSV17,TSV18,TSV19,TSV20,TSV21,TSV22,TSV23,TSV24,TSV25,
TSV1,2.7165E-16,5.069E-15,1.2815E-15,6.5745E-16,6.3796E-16,5.0691E-15,1.6422E-15,1.2069E-16,-0,1.4936E-16,1.2812E-15,1.2077E-16,-0,-0,8.8542E-17,6.5704E-16,-0,-0,-0,7.3653E-17,6.3776E-16,1.4935E-16,8.847E-17,7.354E-17,1.5583E-16
TSV2,5.069E-15,7.1083E-17,4.5506E-15,1.027E-15,6.5795E-16,1.9291E-15,3.5525E-15,1.5043E-15,1.0668E-16,1.2234E-16,3.0796E-16,1.5437E-16,7.3145E-17,-0,5.9294E-17,1.2194E-16,-0,-0,-0,4.3182E-17,1.4857E-16,2.1485E-17,1.3066E-17,1.4572E-17,7.3297E-17
TSV3,1.2815E-15,4.5506E-15,5.0389E-17,4.5506E-15,1.2824E-15,3.0787E-16,1.5068E-15,3.5398E-15,1.5069E-15,3.0837E-16,9.4148E-17,7.0876E-17,1.5852E-16,7.1001E-17,9.4577E-17,5.8852E-17,-0,-0,-0,5.9366E-17,8.7427E-17,1.2843E-17,8.5838E-18,1.3066E-17,8.8191E-17
TSV4,6.5745E-16,1.027E-15,4.5506E-15,7.0295E-17,5.0706E-15,1.2205E-16,1.0668E-16,1.5042E-15,3.5523E-15,1.9296E-15,5.8906E-17,-0,7.3553E-17,1.5441E-16,3.0854E-16,4.2691E-17,-0,-0,-0,1.2249E-16,7.2264E-17,1.4215E-17,1.2959E-17,2.1525E-17,1.4901E-16
TSV5,6.3796E-16,6.5795E-16,1.2824E-15,5.0706E-15,2.739E-16,1.4864E-16,-0,1.2073E-16,1.6426E-15,5.0696E-15,8.7397E-17,-0,-0,1.2094E-16,1.2819E-15,7.2211E-17,-0,-0,-0,6.5751E-16,1.5303E-16,7.2521E-17,8.7692E-17,1.4885E-16,6.3695E-16
TSV6,5.0691E-15,1.9291E-15,3.0787E-16,1.2205E-16,1.4864E-16,7.0887E-17,3.5523E-15,1.5439E-16,-0,2.1489E-17,4.5505E-15,1.5042E-15,7.3298E-17,-0,1.3102E-17,1.0267E-15,1.0648E-16,-0,-0,1.462E-17,6.5815E-16,1.2243E-16,5.9297E-17,4.3215E-17,7.3496E-17
TSV7,1.6422E-15,3.5525E-15,1.5068E-15,1.0668E-16,-0,3.5523E-15,-1.6042E-16,3.4286E-15,1.5042E-16,-0,1.5069E-15,3.4284E-15,1.4227E-15,7.5612E-17,-0,1.0644E-16,1.5007E-16,7.544E-17,-0,-0,-0,-0,-0,-0,-0
TSV8,1.2069E-16,1.5043E-15,3.5398E-15,1.5042E-15,1.2073E-16,1.5439E-16,3.4286E-15,-1.3752E-16,3.4282E-15,1.5432E-16,7.0949E-17,1.4216E-15,3.4314E-15,1.4214E-15,7.0912E-17,-0,7.5535E-17,1.5841E-16,7.5678E-17,-0,-0,-0,-0,-0,-0
TSV9,-0,1.0668E-16,1.5069E-15,3.5523E-15,1.6426E-15,-0,1.5042E-16,3.4282E-15,-1.6031E-16,3.5522E-15,-0,7.5657E-17,1.4224E-15,3.4284E-15,1.507E-15,-0,-0,7.5668E-17,1.5047E-16,1.0679E-16,-0,-0,-0,-0,-0
TSV10,1.4936E-16,1.2234E-16,3.0837E-16,1.9296E-15,5.0696E-15,2.1489E-17,-0,1.5432E-16,3.5522E-15,7.3627E-17,1.2838E-17,-0,7.3344E-17,1.5042E-15,4.5501E-15,1.42E-17,-0,-0,1.0664E-16,1.0265E-15,7.2432E-17,4.2617E-17,5.8826E-17,1.2195E-16,6.5705E-16
TSV11,1.2812E-15,3.0796E-16,9.4148E-17,5.8906E-17,8.7397E-17,4.5505E-15,1.5069E-15,7.0949E-17,-0,1.2838E-17,5.0327E-17,3.54E-15,1.586E-16,-0,8.6112E-18,4.5507E-15,1.5068E-15,7.0958E-17,-0,1.3086E-17,1.2826E-15,3.0838E-16,9.4531E-17,5.9352E-17,8.8123E-17
TSV12,1.2077E-16,1.5437E-16,7.0876E-17,-0,-0,1.5042E-15,3.4284E-15,1.4216E-15,7.5657E-17,-0,3.54E-15,-1.3764E-16,3.4318E-15,1.5839E-16,-0,1.5042E-15,3.4283E-15,1.4214E-15,7.5514E-17,-0,1.2056E-16,1.542E-16,7.0767E-17,-0,-0
TSV13,-0,7.3145E-17,1.5852E-16,7.3553E-17,-0,7.3298E-17,1.4227E-15,3.4314E-15,1.4224E-15,7.3344E-17,1.586E-16,3.4318E-15,-9.2533E-17,3.4315E-15,1.5859E-16,7.3381E-17,1.4227E-15,3.4315E-15,1.4228E-15,7.3303E-17,-0,7.3265E-17,1.584E-16,7.3127E-17,-0
TSV14,-0,-0,7.1001E-17,1.5441E-16,1.2094E-16,-0,7.5612E-17,1.4214E-15,3.4284E-15,1.5042E-15,-0,1.5839E-16,3.4315E-15,-1.3723E-16,3.5396E-15,-0,7.5558E-17,1.4215E-15,3.4285E-15,1.5043E-15,-0,-0,7.0792E-17,1.5428E-16,1.2031E-16
TSV15,8.8542E-17,5.9294E-17,9.4577E-17,3.0854E-16,1.2819E-15,1.3102E-17,-0,7.0912E-17,1.507E-15,4.5501E-15,8.6112E-18,-0,1.5859E-16,3.5396E-15,5.2371E-17,1.2965E-17,-0,7.0924E-17,1.507E-15,4.5498E-15,8.7749E-17,5.8894E-17,9.4192E-17,3.0809E-16,1.2812E-15
TSV16,6.5704E-16,1.2194E-16,5.8852E-17,4.2691E-17,7.2211E-17,1.0267E-15,1.0644E-16,-0,-0,1.42E-17,4.5507E-15,1.5042E-15,7.3381E-17,-0,1.2965E-17,7.1082E-17,3.5527E-15,1.5446E-16,-0,2.1563E-17,5.0705E-15,1.9296E-15,3.0819E-16,1.2238E-16,1.4907E-16
TSV17,-0,-0,-0,-0,-0,1.0648E-16,1.5007E-16,7.5535E-17,-0,-0,1.5068E-15,3.4283E-15,1.4227E-15,7.5558E-17,-0,3.5527E-15,-1.6025E-16,3.4284E-15,1.504E-16,-0,1.6424E-15,3.5523E-15,1.5067E-15,1.0658E-16,-0
TSV18,-0,-0,-0,-0,-0,-0,7.544E-17,1.5841E-16,7.5668E-17,-0,7.0958E-17,1.4214E-15,3.4315E-15,1.4215E-15,7.0924E-17,1.5446E-16,3.4284E-15,-1.3803E-16,3.4285E-15,1.5427E-16,1.2075E-16,1.5042E-15,3.5398E-15,1.5041E-15,1.209E-16
TSV19,-0,-0,-0,-0,-0,-0,-0,7.5678E-17,1.5047E-16,1.0664E-16,-0,7.5514E-17,1.4228E-15,3.4285E-15,1.507E-15,-0,1.504E-16,3.4285E-15,-1.6113E-16,3.5522E-15,-0,1.0657E-16,1.5067E-15,3.5523E-15,1.6427E-15
TSV20,7.3653E-17,4.3182E-17,5.9366E-17,1.2249E-16,6.5751E-16,1.462E-17,-0,-0,1.0679E-16,1.0265E-15,1.3086E-17,-0,7.3303E-17,1.5043E-15,4.5498E-15,2.1563E-17,-0,1.5427E-16,3.5522E-15,7.243E-17,1.4896E-16,1.2219E-16,3.0818E-16,1.9296E-15,5.0682E-15
TSV21,6.3776E-16,1.4857E-16,8.7427E-17,7.2264E-17,1.5303E-16,6.5815E-16,-0,-0,-0,7.2432E-17,1.2826E-15,1.2056E-16,-0,-0,8.7749E-17,5.0705E-15,1.6424E-15,1.2075E-16,-0,1.4896E-16,2.748E-16,5.0696E-15,1.2815E-15,6.5716E-16,6.3677E-16
TSV22,1.4935E-16,2.1485E-17,1.2843E-17,1.4215E-17,7.2521E-17,1.2243E-16,-0,-0,-0,4.2617E-17,3.0838E-16,1.542E-16,7.3265E-17,-0,5.8894E-17,1.9296E-15,3.5523E-15,1.5042E-15,1.0657E-16,1.2219E-16,5.0696E-15,7.2486E-17,4.5502E-15,1.0266E-15,6.5746E-16
TSV23,8.847E-17,1.3066E-17,8.5838E-18,1.2959E-17,8.7692E-17,5.9297E-17,-0,-0,-0,5.8826E-17,9.4531E-17,7.0767E-17,1.584E-16,7.0792E-17,9.4192E-17,3.0819E-16,1.5067E-15,3.5398E-15,1.5067E-15,3.0818E-16,1.2815E-15,4.5502E-15,5.2489E-17,4.5506E-15,1.2809E-15
TSV24,7.354E-17,1.4572E-17,1.3066E-17,2.1525E-17,1.4885E-16,4.3215E-17,-0,-0,-0,1.2195E-16,5.9352E-17,-0,7.3127E-17,1.5428E-16,3.0809E-16,1.2238E-16,1.0658E-16,1.5041E-15,3.5523E-15,1.9296E-15,6.5716E-16,1.0266E-15,4.5506E-15,7.2465E-17,5.0688E-15
TSV25,1.5583E-16,7.3297E-17,8.8191E-17,1.4901E-16,6.3695E-16,7.3496E-17,-0,-0,-0,6.5705E-16,8.8123E-17,-0,-0,1.2031E-16,1.2812E-15,1.4907E-16,-0,1.209E-16,1.6427E-15,5.0682E-15,6.3677E-16,6.5746E-16,1.2809E-15,5.0688E-15,2.7863E-16

Conductance Matrix
,TSV1,TSV2,TSV3,TSV4,TSV5,TSV6,TSV7,TSV8,TSV9,TSV10,TSV11,TSV12,TSV13,TSV14,TSV15,TSV16,TSV17,TSV18,TSV19,TSV20,TSV21,TSV22,TSV23,TSV24,TSV25,
TSV1,0.21358,0.010708,-0.02483,-0.018612,-0.017135,0.010709,-0.023154,-0.010655,-0.0047891,-0.0089423,-0.024835,-0.010657,-0.0022497,-0.0010975,-0.0061154,-0.018604,-0.0047885,-0.0010976,-0.0011359,-0.0056569,-0.017128,-0.0089408,-0.006114,-0.0056539,-0.0080724
TSV2,0.010708,0.17328,0.011716,-0.022831,-0.018626,-0.028369,-0.00030328,-0.018549,-0.0098527,-0.0093508,-0.016703,-0.01085,-0.0062202,-0.0022043,-0.0055579,-0.0093274,-0.002338,-0.00095449,-0.00078753,-0.0044856,-0.0089152,-0.0040949,-0.003052,-0.0031715,-0.005663
TSV3,-0.02483,0.011716,0.17493,0.0117,-0.02486,-0.016702,-0.019328,0.00157,-0.019339,-0.016722,-0.008263,-0.0068772,-0.0094776,-0.0068806,-0.0082877,-0.0055319,-0.0014243,-0.0013005,-0.0014305,-0.005557,-0.0060797,-0.0030413,-0.002589,-0.0030524,-0.0061067
TSV4,-0.018612,-0.022831,0.0117,0.17326,0.010662,-0.0093303,-0.0098464,-0.018549,-0.00033276,-0.028394,-0.0055326,-0.0022022,-0.0062136,-0.010846,-0.016725,-0.004455,-0.00078409,-0.00095629,-0.0023444,-0.009352,-0.0056094,-0.0031528,-0.003042,-0.0040988,-0.0089386
TSV5,-0.017135,-0.018626,-0.02486,0.010662,0.21352,-0.0089165,-0.0047831,-0.010654,-0.023164,0.010671,-0.0060772,-0.0010889,-0.0022498,-0.010665,-0.024848,-0.0056082,-0.0011206,-0.0010932,-0.0047927,-0.018612,-0.0080159,-0.0056096,-0.0060809,-0.0089172,-0.017107
TSV6,0.010709,-0.028369,-0.016702,-0.0093303,-0.0089165,0.17326,-0.00031517,-0.010847,-0.0023379,-0.004094,0.011705,-0.018552,-0.006213,-0.00095428,-0.0030537,-0.022834,-0.0098555,-0.0022033,-0.00078815,-0.0031749,-0.018624,-0.0093527,-0.0055588,-0.004485,-0.0056617
TSV7,-0.023154,-0.00030328,-0.019328,-0.0098464,-0.0047831,-0.00031517,0.14459,0.002832,-0.009342,-0.0023341,-0.01933,0.002831,-0.015611,-0.0056773,-0.0014225,-0.0098481,-0.0093423,-0.0056777,-0.0013102,-0.00078296,-0.0047825,-0.0023332,-0.001423,-0.00078236,-0.0011183
TSV8,-0.010655,-0.018549,0.00157,-0.018549,-0.010654,-0.010847,0.002832,0.14528,0.0028308,-0.010837,-0.0068714,-0.01565,0.0033219,-0.015647,-0.0068738,-0.0021992,-0.0056761,-0.0089293,-0.0056799,-0.002204,-0.0010885,-0.00094924,-0.0012924,-0.00095316,-0.0010831
TSV9,-0.0047891,-0.0098527,-0.019339,-0.00033276,-0.023164,-0.0023379,-0.009342,0.0028308,0.14458,-0.00031648,-0.0014236,-0.005676,-0.015593,0.0028256,-0.019338,-0.00078067,-0.0013087,-0.005678,-0.0093471,-0.0098567,-0.0011213,-0.00077829,-0.0014219,-0.0023386,-0.0047823
TSV10,-0.0089423,-0.0093508,-0.016722,-0.028394,0.010671,-0.004094,-0.0023341,-0.010837,-0.00031648,0.17324,-0.0030385,-0.00094819,-0.0062114,-0.018554,0.01172,-0.0031524,-0.00077739,-0.0022001,-0.0098527,-0.022816,-0.005607,-0.0044545,-0.0055326,-0.0093315,-0.018583
TSV11,-0.024835,-0.016703,-0.008263,-0.0055326,-0.0060772,0.011705,-0.01933,-0.0068714,-0.0014236,-0.0030385,0.17492,0.0015776,-0.0094664,-0.0012987,-0.002588,0.011693,-0.019342,-0.0068794,-0.0014308,-0.0030534,-0.024867,-0.016733,-0.0082881,-0.0055581,-0.0061187
TSV12,-0.010657,-0.01085,-0.0068772,-0.0022022,-0.0010889,-0.018552,0.002831,-0.01565,-0.005676,-0.00094819,0.0015776,0.14529,0.0033378,-0.0089263,-0.0012928,-0.018551,0.0028306,-0.015648,-0.0056797,-0.0009505,-0.01066,-0.01085,-0.0068768,-0.0022036,-0.0010887
TSV13,-0.0022497,-0.0062202,-0.0094776,-0.0062136,-0.0022498,-0.006213,-0.015611,0.0033219,-0.015593,-0.0062114,-0.0094664,0.0033378,0.14572,0.0033261,-0.0094661,-0.0062177,-0.015604,0.0033305,-0.015612,-0.0062109,-0.0022459,-0.0062154,-0.0094753,-0.0062159,-0.0022484
TSV14,-0.0010975,-0.0022043,-0.0068806,-0.010846,-0.010665,-0.00095428,-0.0056773,-0.015647,0.0028256,-0.018554,-0.0012987,-0.0089263,0.0033261,0.14526,0.0015809,-0.00095317,-0.0056777,-0.015645,0.0028261,-0.018555,-0.0010937,-0.0022008,-0.0068752,-0.010847,-0.010667
TSV15,-0.0061154,-0.0055579,-0.0082877,-0.016725,-0.024848,-0.0030537,-0.0014225,-0.0068738,-0.019338,0.01172,-0.002588,-0.0012928,-0.0094661,0.0015809,0.17496,-0.0030393,-0.0014223,-0.0068725,-0.019337,0.011729,-0.0060801,-0.0055344,-0.0082628,-0.016705,-0.024817
TSV16,-0.018604,-0.0093274,-0.0055319,-0.004455,-0.0056082,-0.022834,-0.0098481,-0.0021992,-0.00078067,-0.0031524,0.011693,-0.018551,-0.0062177,-0.00095317,-0.0030393,0.17324,-0.00031829,-0.010855,-0.0023436,-0.0040982,0.010664,-0.028398,-0.016725,-0.0093468,-0.0089267
TSV17,-0.0047885,-0.002338,-0.0014243,-0.00078409,-0.0011206,-0.0098555,-0.0093423,-0.0056761,-0.0013087,-0.00077739,-0.019342,0.0028306,-0.015604,-0.0056777,-0.0014223,-0.00031829,0.14459,0.0028231,-0.0093434,-0.0023409,-0.023164,-0.00031577,-0.019339,-0.0098494,-0.0047915
TSV18,-0.0010976,-0.00095449,-0.0013005,-0.00095629,-0.0010932,-0.0022033,-0.0056777,-0.0089293,-0.005678,-0.0022001,-0.0068794,-0.015648,0.0033305,-0.015645,-0.0068725,-0.010855,0.0028231,0.14527,0.0028361,-0.010834,-0.010662,-0.018554,0.0015555,-0.018554,-0.010651
TSV19,-0.0011359,-0.00078753,-0.0014305,-0.0023444,-0.0047927,-0.00078815,-0.0013102,-0.0056799,-0.0093471,-0.0098527,-0.0014308,-0.0056797,-0.015612,0.0028261,-0.019337,-0.0023436,-0.0093434,0.0028361,0.14458,-0.00031531,-0.0047905,-0.0098507,-0.019336,-0.00031757,-0.023146
TSV20,-0.0056569,-0.0044856,-0.005557,-0.009352,-0.018612,-0.0031749,-0.00078296,-0.002204,-0.0098567,-0.022816,-0.0030534,-0.0009505,-0.0062109,-0.018555,0.011729,-0.0040982,-0.0023409,-0.010834,-0.00031531,0.17327,-0.0089197,-0.0093336,-0.0167,-0.028375,0.010722
TSV21,-0.017128,-0.0089152,-0.0060797,-0.0056094,-0.0080159,-0.018624,-0.0047825,-0.0010885,-0.0011213,-0.005607,-0.024867,-0.01066,-0.0022459,-0.0010937,-0.0060801,0.010664,-0.023164,-0.010662,-0.0047905,-0.0089197,0.21353,0.010684,-0.024842,-0.018609,-0.017103
TSV22,-0.0089408,-0.0040949,-0.0030413,-0.0031528,-0.0056096,-0.0093527,-0.0023332,-0.00094924,-0.00077829,-0.0044545,-0.016733,-0.01085,-0.0062154,-0.0022008,-0.0055344,-0.028398,-0.00031577,-0.018554,-0.0098507,-0.0093336,0.010684,0.17327,0.011723,-0.022823,-0.018577
TSV23,-0.006114,-0.003052,-0.002589,-0.003042,-0.0060809,-0.0055588,-0.001423,-0.0012924,-0.0014219,-0.0055326,-0.0082881,-0.0068768,-0.0094753,-0.0068752,-0.0082628,-0.016725,-0.019339,0.0015555,-0.019336,-0.0167,-0.024842,0.011723,0.17493,0.011729,-0.024798
TSV24,-0.0056539,-0.0031715,-0.0030524,-0.0040988,-0.0089172,-0.004485,-0.00078236,-0.00095316,-0.0023386,-0.0093315,-0.0055581,-0.0022036,-0.0062159,-0.010847,-0.016705,-0.0093468,-0.0098494,-0.018554,-0.00031757,-0.028375,-0.018609,-0.022823,0.011729,0.17328,0.010721
TSV25,-0.0080724,-0.005663,-0.0061067,-0.0089386,-0.017107,-0.0056617,-0.0011183,-0.0010831,-0.0047823,-0.018583,-0.0061187,-0.0010887,-0.0022484,-0.010667,-0.024817,-0.0089267,-0.0047915,-0.010651,-0.023146,0.010722,-0.017103,-0.018577,-0.024798,0.010721,0.21364

Conductance Matrix Coupling Coefficient
,TSV1,TSV2,TSV3,TSV4,TSV5,TSV6,TSV7,TSV8,TSV9,TSV10,TSV11,TSV12,TSV13,TSV14,TSV15,TSV16,TSV17,TSV18,TSV19,TSV20,TSV21,TSV22,TSV23,TSV24,TSV25,
TSV1,1,0.055662,0.12846,0.096753,0.080236,0.055669,0.13176,0.06049,0.027253,0.046488,0.12849,0.060498,0.012752,0.0062307,0.031636,0.096714,0.02725,0.0062313,0.006464,0.029406,0.080203,0.046476,0.031631,0.029389,0.03779
TSV2,0.055662,1,0.067293,0.13177,0.096835,0.16373,0.001916,0.11691,0.062248,0.05397,0.095942,0.068381,0.039145,0.013894,0.031921,0.053835,0.014771,0.006016,0.0049757,0.025887,0.046348,0.023633,0.01753,0.018303,0.029433
TSV3,0.12846,0.067293,1,0.067207,0.12863,0.095935,0.12153,0.0098484,0.1216,0.096056,0.047237,0.043139,0.059362,0.043164,0.047373,0.031777,0.0089555,0.0081578,0.0089952,0.031918,0.031457,0.017469,0.0148,0.017532,0.031588
TSV4,0.096753,0.13177,0.067207,1,0.055433,0.053852,0.06221,0.11692,0.0021025,0.16389,0.031781,0.013881,0.039106,0.068369,0.096061,0.025714,0.0049541,0.0060277,0.014813,0.053976,0.029164,0.018197,0.017474,0.023656,0.04646
TSV5,0.080236,0.096835,0.12863,0.055433,1,0.046358,0.027221,0.060493,0.13183,0.055483,0.031446,0.0061824,0.012755,0.060556,0.12856,0.029159,0.0063777,0.0062072,0.027278,0.09676,0.037541,0.029164,0.031464,0.046358,0.080096
TSV6,0.055669,0.16373,0.095935,0.053852,0.046358,1,0.0019912,0.06837,0.014771,0.023631,0.067234,0.11693,0.039102,0.0060153,0.017539,0.13179,0.062268,0.013888,0.0049798,0.018324,0.09683,0.053979,0.03193,0.025884,0.029428
TSV7,0.13176,0.001916,0.12153,0.06221,0.027221,0.0019912,1,0.01954,0.064611,0.014747,0.12155,0.019533,0.10755,0.039174,0.0089435,0.062223,0.064613,0.039175,0.0090615,0.0049465,0.027218,0.014741,0.0089471,0.0049426,0.0063624
TSV8,0.06049,0.11691,0.0098484,0.11692,0.060493,0.06837,0.01954,1,0.019532,0.068313,0.043105,0.10772,0.022831,0.10771,0.043115,0.013862,0.039164,0.061464,0.039191,0.013891,0.00618,0.0059829,0.008107,0.0060074,0.0061477
TSV9,0.027253,0.062248,0.1216,0.0021025,0.13183,0.014771,0.064611,0.019532,1,0.0019997,0.0089517,0.039163,0.10743,0.019497,0.12158,0.0049327,0.0090514,0.039178,0.06465,0.062274,0.0063819,0.0049172,0.008941,0.014775,0.02721
TSV10,0.046488,0.05397,0.096056,0.16389,0.055483,0.023631,0.014747,0.068313,0.0019997,1,0.017455,0.0059766,0.039094,0.11696,0.06732,0.018197,0.0049119,0.013868,0.062256,0.13169,0.029153,0.02571,0.031781,0.053858,0.096593
TSV11,0.12849,0.095942,0.047237,0.031781,0.031446,0.067234,0.12155,0.043105,0.0089517,0.017455,1,0.0098962,0.059294,0.0081476,0.014794,0.067171,0.12162,0.043156,0.0089975,0.017539,0.12867,0.096117,0.047381,0.031925,0.031652
TSV12,0.060498,0.068381,0.043139,0.013881,0.0061824,0.11693,0.019533,0.10772,0.039163,0.0059766,0.0098962,1,0.02294,0.061445,0.0081088,0.11693,0.01953,0.10771,0.039189,0.0059907,0.06052,0.068385,0.043136,0.013888,0.0061795
TSV13,0.012752,0.039145,0.059362,0.039106,0.012755,0.039102,0.10755,0.022831,0.10743,0.039094,0.059294,0.02294,1,0.022861,0.059286,0.039133,0.10751,0.022891,0.10756,0.039087,0.012733,0.039116,0.059348,0.039118,0.012743
TSV14,0.0062307,0.013894,0.043164,0.068369,0.060556,0.0060153,0.039174,0.10771,0.019497,0.11696,0.0081476,0.061445,0.022861,1,0.0099167,0.0060086,0.039178,0.1077,0.019501,0.11695,0.0062103,0.013872,0.04313,0.068372,0.060553
TSV15,0.031636,0.031921,0.047373,0.096061,0.12856,0.017539,0.0089435,0.043115,0.12158,0.06732,0.014794,0.0081088,0.059286,0.0099167,1,0.017458,0.0089428,0.043107,0.12158,0.067361,0.031457,0.031786,0.047231,0.095941,0.12836
TSV16,0.096714,0.053835,0.031777,0.025714,0.029159,0.13179,0.062223,0.013862,0.0049327,0.018197,0.067171,0.11693,0.039133,0.0060086,0.017458,1,0.0020111,0.068422,0.014808,0.023654,0.055444,0.1639,0.096075,0.053946,0.0464
TSV17,0.02725,0.014771,0.0089555,0.0049541,0.0063777,0.062268,0.064613,0.039164,0.0090514,0.0049119,0.12162,0.01953,0.10751,0.039178,0.0089428,0.0020111,1,0.019479,0.064624,0.01479,0.13183,0.001995,0.1216,0.062225,0.027262
TSV18,0.0062313,0.006016,0.0081578,0.0060277,0.0062072,0.013888,0.039175,0.061464,0.039178,0.013868,0.043156,0.10771,0.022891,0.1077,0.043107,0.068422,0.019479,1,0.019569,0.068285,0.060538,0.11694,0.0097574,0.11694,0.060455
TSV19,0.006464,0.0049757,0.0089952,0.014813,0.027278,0.0049798,0.0090615,0.039191,0.06465,0.062256,0.0089975,0.039189,0.10756,0.019501,0.12158,0.014808,0.064624,0.019569,1,0.0019921,0.027265,0.062237,0.12159,0.0020064,0.1317
TSV20,0.029406,0.025887,0.031918,0.053976,0.09676,0.018324,0.0049465,0.013891,0.062274,0.13169,0.017539,0.0059907,0.039087,0.11695,0.067361,0.023654,0.01479,0.068285,0.0019921,1,0.046373,0.053867,0.09592,0.16375,0.055728
TSV21,0.080203,0.046348,0.031457,0.029164,0.037541,0.09683,0.027218,0.00618,0.0063819,0.029153,0.12867,0.06052,0.012733,0.0062103,0.031457,0.055444,0.13183,0.060538,0.027265,0.046373,1,0.055546,0.12854,0.096743,0.080074
TSV22,0.046476,0.023633,0.017469,0.018197,0.029164,0.053979,0.014741,0.0059829,0.0049172,0.02571,0.096117,0.068385,0.039116,0.013872,0.031786,0.1639,0.001995,0.11694,0.062237,0.053867,0.055546,1,0.067335,0.13171,0.096551
TSV23,0.031631,0.01753,0.0148,0.017474,0.031464,0.03193,0.0089471,0.008107,0.008941,0.031781,0.047381,0.043136,0.059348,0.04313,0.047231,0.096075,0.1216,0.0097574,0.12159,0.09592,0.12854,0.067335,1,0.06737,0.12828
TSV24,0.029389,0.018303,0.017532,0.023656,0.046358,0.025884,0.0049426,0.0060074,0.014775,0.053858,0.031925,0.013888,0.039118,0.068372,0.095941,0.053946,0.062225,0.11694,0.0020064,0.16375,0.096743,0.13171,0.06737,1,0.055719
TSV25,0.03779,0.029433,0.031588,0.04646,0.080096,0.029428,0.0063624,0.0061477,0.02721,0.096593,0.031652,0.0061795,0.012743,0.060553,0.12836,0.0464,0.027262,0.060455,0.1317,0.055728,0.080074,0.096551,0.12828,0.055719,1

Spice Conductance Matrix
,TSV1,TSV2,TSV3,TSV4,TSV5,TSV6,TSV7,TSV8,TSV9,TSV10,TSV11,TSV12,TSV13,TSV14,TSV15,TSV16,TSV17,TSV18,TSV19,TSV20,TSV21,TSV22,TSV23,TSV24,TSV25,
TSV1,0.0047345,-0.010708,0.02483,0.018612,0.017135,-0.010709,0.023154,0.010655,0.0047891,0.0089423,0.024835,0.010657,0.0022497,0.0010975,0.0061154,0.018604,0.0047885,0.0010976,0.0011359,0.0056569,0.017128,0.0089408,0.006114,0.0056539,0.0080724
TSV2,-0.010708,0.0034925,-0.011716,0.022831,0.018626,0.028369,0.00030328,0.018549,0.0098527,0.0093508,0.016703,0.01085,0.0062202,0.0022043,0.0055579,0.0093274,0.002338,0.00095449,0.00078753,0.0044856,0.0089152,0.0040949,0.003052,0.0031715,0.005663
TSV3,0.02483,-0.011716,0.0022384,-0.0117,0.02486,0.016702,0.019328,-0.00157,0.019339,0.016722,0.008263,0.0068772,0.0094776,0.0068806,0.0082877,0.0055319,0.0014243,0.0013005,0.0014305,0.005557,0.0060797,0.0030413,0.002589,0.0030524,0.0061067
TSV4,0.018612,0.022831,-0.0117,0.0034695,-0.010662,0.0093303,0.0098464,0.018549,0.00033276,0.028394,0.0055326,0.0022022,0.0062136,0.010846,0.016725,0.004455,0.00078409,0.00095629,0.0023444,0.009352,0.0056094,0.0031528,0.003042,0.0040988,0.0089386
TSV5,0.017135,0.018626,0.02486,-0.010662,0.0048339,0.0089165,0.0047831,0.010654,0.023164,-0.010671,0.0060772,0.0010889,0.0022498,0.010665,0.024848,0.0056082,0.0011206,0.0010932,0.0047927,0.018612,0.0080159,0.0056096,0.0060809,0.0089172,0.017107
TSV6,-0.010709,0.028369,0.016702,0.0093303,0.0089165,0.0034504,0.00031517,0.010847,0.0023379,0.004094,-0.011705,0.018552,0.006213,0.00095428,0.0030537,0.022834,0.0098555,0.0022033,0.00078815,0.0031749,0.018624,0.0093527,0.0055588,0.004485,0.0056617
TSV7,0.023154,0.00030328,0.019328,0.0098464,0.0047831,0.00031517,0.0014084,-0.002832,0.009342,0.0023341,0.01933,-0.002831,0.015611,0.0056773,0.0014225,0.0098481,0.0093423,0.0056777,0.0013102,0.00078296,0.0047825,0.0023332,0.001423,0.00078236,0.0011183
TSV8,0.010655,0.018549,-0.00157,0.018549,0.010654,0.010847,-0.002832,0.00064327,-0.0028308,0.010837,0.0068714,0.01565,-0.0033219,0.015647,0.0068738,0.0021992,0.0056761,0.0089293,0.0056799,0.002204,0.0010885,0.00094924,0.0012924,0.00095316,0.0010831
TSV9,0.0047891,0.0098527,0.019339,0.00033276,0.023164,0.0023379,0.009342,-0.0028308,0.0013216,0.00031648,0.0014236,0.005676,0.015593,-0.0028256,0.019338,0.00078067,0.0013087,0.005678,0.0093471,0.0098567,0.0011213,0.00077829,0.0014219,0.0023386,0.0047823
TSV10,0.0089423,0.0093508,0.016722,0.028394,-0.010671,0.004094,0.0023341,0.010837,0.00031648,0.0035823,0.0030385,0.00094819,0.0062114,0.018554,-0.01172,0.0031524,0.00077739,0.0022001,0.0098527,0.022816,0.005607,0.0044545,0.0055326,0.0093315,0.018583
TSV11,0.024835,0.016703,0.008263,0.0055326,0.0060772,-0.011705,0.01933,0.0068714,0.0014236,0.0030385,0.0021957,-0.0015776,0.0094664,0.0012987,0.002588,-0.011693,0.019342,0.0068794,0.0014308,0.0030534,0.024867,0.016733,0.0082881,0.0055581,0.0061187
TSV12,0.010657,0.01085,0.0068772,0.0022022,0.0010889,0.018552,-0.002831,0.01565,0.005676,0.00094819,-0.0015776,0.00063541,-0.0033378,0.0089263,0.0012928,0.018551,-0.0028306,0.015648,0.0056797,0.0009505,0.01066,0.01085,0.0068768,0.0022036,0.0010887
TSV13,0.0022497,0.0062202,0.0094776,0.0062136,0.0022498,0.006213,0.015611,-0.0033219,0.015593,0.0062114,0.0094664,-0.0033378,1.4408E-05,-0.0033261,0.0094661,0.0062177,0.015604,-0.0033305,0.015612,0.0062109,0.0022459,0.0062154,0.0094753,0.0062159,0.0022484
TSV14,0.0010975,0.0022043,0.0068806,0.010846,0.010665,0.00095428,0.0056773,0.015647,-0.0028256,0.018554,0.0012987,0.0089263,-0.0033261,0.000552,-0.0015809,0.00095317,0.0056777,0.015645,-0.0028261,0.018555,0.0010937,0.0022008,0.0068752,0.010847,0.010667
TSV15,0.0061154,0.0055579,0.0082877,0.016725,0.024848,0.0030537,0.0014225,0.0068738,0.019338,-0.01172,0.002588,0.0012928,0.0094661,-0.0015809,0.0023508,0.0030393,0.0014223,0.0068725,0.019337,-0.011729,0.0060801,0.0055344,0.0082628,0.016705,0.024817
TSV16,0.018604,0.0093274,0.0055319,0.004455,0.0056082,0.022834,0.0098481,0.0021992,0.00078067,0.0031524,-0.011693,0.018551,0.0062177,0.00095317,0.0030393,0.0034872,0.00031829,0.010855,0.0023436,0.0040982,-0.010664,0.028398,0.016725,0.0093468,0.0089267
TSV17,0.0047885,0.002338,0.0014243,0.00078409,0.0011206,0.0098555,0.0093423,0.0056761,0.0013087,0.00077739,0.019342,-0.0028306,0.015604,0.0056777,0.0014223,0.00031829,0.0013148,-0.0028231,0.0093434,0.0023409,0.023164,0.00031577,0.019339,0.0098494,0.0047915
TSV18,0.0010976,0.00095449,0.0013005,0.00095629,0.0010932,0.0022033,0.0056777,0.0089293,0.005678,0.0022001,0.0068794,0.015648,-0.0033305,0.015645,0.0068725,0.010855,-0.0028231,0.00057523,-0.0028361,0.010834,0.010662,0.018554,-0.0015555,0.018554,0.010651
TSV19,0.0011359,0.00078753,0.0014305,0.0023444,0.0047927,0.00078815,0.0013102,0.0056799,0.0093471,0.0098527,0.0014308,0.0056797,0.015612,-0.0028261,0.019337,0.0023436,0.0093434,-0.0028361,0.0012669,0.00031531,0.0047905,0.0098507,0.019336,0.00031757,0.023146
TSV20,0.0056569,0.0044856,0.005557,0.009352,0.018612,0.0031749,0.00078296,0.002204,0.0098567,0.022816,0.0030534,0.0009505,0.0062109,0.018555,-0.011729,0.0040982,0.0023409,0.010834,0.00031531,0.003539,0.0089197,0.0093336,0.0167,0.028375,-0.010722
TSV21,0.017128,0.0089152,0.0060797,0.0056094,0.0080159,0.018624,0.0047825,0.0010885,0.0011213,0.005607,0.024867,0.01066,0.0022459,0.0010937,0.0060801,-0.010664,0.023164,0.010662,0.0047905,0.0089197,0.0048661,-0.010684,0.024842,0.018609,0.017103
TSV22,0.0089408,0.0040949,0.0030413,0.0031528,0.0056096,0.0093527,0.0023332,0.00094924,0.00077829,0.0044545,0.016733,0.01085,0.0062154,0.0022008,0.0055344,0.028398,0.00031577,0.018554,0.0098507,0.0093336,-0.010684,0.0035876,-0.011723,0.022823,0.018577
TSV23,0.006114,0.003052,0.002589,0.003042,0.0060809,0.0055588,0.001423,0.0012924,0.0014219,0.0055326,0.0082881,0.0068768,0.0094753,0.0068752,0.0082628,0.016725,0.019339,-0.0015555,0.019336,0.0167,0.024842,-0.011723,0.002312,-0.011729,0.024798
TSV24,0.0056539,0.0031715,0.0030524,0.0040988,0.0089172,0.004485,0.00078236,0.00095316,0.0023386,0.0093315,0.0055581,0.0022036,0.0062159,0.010847,0.016705,0.0093468,0.0098494,0.018554,0.00031757,0.028375,0.018609,0.022823,-0.011729,0.0035442,-0.010721
TSV25,0.0080724,0.005663,0.0061067,0.0089386,0.017107,0.0056617,0.0011183,0.0010831,0.0047823,0.018583,0.0061187,0.0010887,0.0022484,0.010667,0.024817,0.0089267,0.0047915,0.010651,0.023146,-0.010722,0.017103,0.018577,0.024798,-0.010721,0.005037

