Design Variation:  d_min='4um' l_tsv='50um' r_tsv='1um' ring_distance='0um' substrate_length='56um' t_ox='0.2um' tie_size='0um' w_dep='0.378um'
Setup1:LastAdaptive
Problem Type:  C
C Units:farad, G Units:mSie
Reduce Matrix:  Original
Frequency:  6GHz

Capacitance Matrix
,TSV1,TSV2,TSV3,TSV4,TSV5,TSV6,TSV7,TSV8,TSV9,TSV10,TSV11,TSV12,TSV13,TSV14,TSV15,TSV16,TSV17,TSV18,TSV19,TSV20,TSV21,TSV22,TSV23,TSV24,TSV25,
TSV1,2.2059E-14,-6.8038E-15,-1.4711E-15,-5.173E-16,-8.0554E-16,-6.8452E-15,-1.8328E-15,-1.2853E-17,1.138E-17,-1.4307E-16,-1.4576E-15,-3.1207E-18,1.1392E-17,1.1392E-17,-6.0769E-17,-5.0695E-16,1.1382E-17,1.14E-17,1.1387E-17,-4.5998E-17,-8.0005E-16,-1.4532E-16,-6.0971E-17,-4.7297E-17,-8.7664E-17
TSV2,-6.8038E-15,2.4736E-14,-6.3444E-15,-1.3119E-15,-5.1644E-16,-2.2176E-15,-4.7325E-15,-1.8324E-15,-5.4366E-17,-7.1317E-17,-1.6314E-16,-9.8895E-17,-3.0459E-17,1.1602E-17,-4.536E-17,-6.4031E-17,1.1592E-17,1.161E-17,1.1596E-17,-3.0051E-17,-1.4299E-16,-2.1968E-19,-3.3753E-17,-2.1634E-17,-4.8487E-17
TSV3,-1.4711E-15,-6.3444E-15,2.4871E-14,-6.3512E-15,-1.4612E-15,-1.6114E-16,-1.8336E-15,-4.6505E-15,-1.8312E-15,-1.5802E-16,1.1383E-17,-7.222E-17,-1.0507E-16,-7.0417E-17,1.1382E-17,-4.8085E-17,1.1719E-17,1.1738E-17,1.1724E-17,-4.5151E-17,-6.1537E-17,-3.472E-17,-1.0464E-16,-3.4098E-17,-6.2985E-17
TSV4,-5.173E-16,-1.3119E-15,-6.3512E-15,2.4741E-14,-6.8037E-15,-7.0073E-17,-5.4562E-17,-1.8196E-15,-4.7312E-15,-2.2158E-15,-4.8312E-17,1.1597E-17,-3.1388E-17,-9.774E-17,-1.6065E-16,-3.2676E-17,1.1585E-17,1.1603E-17,1.1589E-17,-6.1557E-17,-4.8171E-17,-2.2918E-17,-3.5213E-17,2.4825E-18,-1.5018E-16
TSV5,-8.0554E-16,-5.1644E-16,-1.4612E-15,-6.8037E-15,2.2055E-14,-1.4172E-16,1.1372E-17,-1.3532E-17,-1.8262E-15,-6.8433E-15,-6.2757E-17,1.1383E-17,1.1381E-17,-6.8285E-20,-1.4568E-15,-4.9588E-17,1.1371E-17,1.1389E-17,1.1376E-17,-5.0585E-16,-8.3894E-17,-4.8945E-17,-6.0326E-17,-1.4047E-16,-8.0889E-16
TSV6,-6.8452E-15,-2.2176E-15,-1.6114E-16,-7.0073E-17,-1.4172E-16,2.4877E-14,-4.7568E-15,-1.1096E-16,1.1597E-17,1.5104E-18,-6.4213E-15,-1.8281E-15,-2.5426E-17,1.161E-17,-3.4765E-17,-1.3354E-15,-4.8988E-17,1.1618E-17,1.1604E-17,-2.138E-17,-5.0539E-16,-6.6113E-17,-4.8537E-17,-3.1739E-17,-4.7043E-17
TSV7,-1.8328E-15,-4.7325E-15,-1.8336E-15,-5.4562E-17,1.1372E-17,-4.7568E-15,2.6223E-14,-4.7259E-15,-2.1567E-16,1.1594E-17,-1.8268E-15,-4.7296E-15,-1.7696E-15,-8.4236E-17,1.1727E-17,-5.0866E-17,-2.1335E-16,-8.9449E-17,1.208E-17,1.1586E-17,1.137E-17,1.1594E-17,1.1727E-17,1.1599E-17,1.1388E-17
TSV8,-1.2853E-17,-1.8324E-15,-4.6505E-15,-1.8196E-15,-1.3532E-17,-1.1096E-16,-4.7259E-15,2.6332E-14,-4.7348E-15,-1.103E-16,-7.2294E-17,-1.7487E-15,-4.6796E-15,-1.7507E-15,-7.2622E-17,1.1614E-17,-8.9335E-17,-2.1975E-16,-8.946E-17,1.1599E-17,1.1384E-17,1.1608E-17,1.1741E-17,1.1613E-17,1.1402E-17
TSV9,1.138E-17,-5.4366E-17,-1.8312E-15,-4.7312E-15,-1.8262E-15,1.1597E-17,-2.1567E-16,-4.7348E-15,2.6212E-14,-4.7517E-15,1.1725E-17,-8.6104E-17,-1.7667E-15,-4.7283E-15,-1.8258E-15,1.1597E-17,1.2072E-17,-8.9913E-17,-2.1477E-16,-4.6666E-17,1.1367E-17,1.1591E-17,1.1724E-17,1.1596E-17,1.1385E-17
TSV10,-1.4307E-16,-7.1317E-17,-1.5802E-16,-2.2158E-15,-6.8433E-15,1.5104E-18,1.1594E-17,-1.103E-16,-4.7517E-15,2.4866E-14,-3.5186E-17,1.1606E-17,-3.0461E-17,-1.8346E-15,-6.4134E-15,-2.3019E-17,1.1594E-17,1.1612E-17,-5.6801E-17,-1.3168E-15,-4.9763E-17,-3.2744E-17,-4.8158E-17,-6.6881E-17,-5.0373E-16
TSV11,-1.4576E-15,-1.6314E-16,1.1383E-17,-4.8312E-17,-6.2757E-17,-6.4213E-15,-1.8268E-15,-7.2294E-17,1.1725E-17,-3.5186E-17,2.4984E-14,-4.6664E-15,-1.1316E-16,1.1738E-17,-9.9227E-17,-6.4095E-15,-1.8232E-15,-7.3083E-17,1.1732E-17,-3.3562E-17,-1.4572E-15,-1.4884E-16,1.139E-17,-4.8047E-17,-6.0756E-17
TSV12,-3.1207E-18,-9.8895E-17,-7.222E-17,1.1597E-17,1.1383E-17,-1.8281E-15,-4.7296E-15,-1.7487E-15,-8.6104E-17,1.1606E-17,-4.6664E-15,2.6347E-14,-4.6842E-15,-2.2508E-16,1.1738E-17,-1.8442E-15,-4.7276E-15,-1.7525E-15,-9.4432E-17,1.1597E-17,-2.8607E-18,-1.0007E-16,-6.8509E-17,1.161E-17,1.1399E-17
TSV13,1.1392E-17,-3.0459E-17,-1.0507E-16,-3.1388E-17,1.1381E-17,-2.5426E-17,-1.7696E-15,-4.6796E-15,-1.7667E-15,-3.0461E-17,-1.1316E-16,-4.6842E-15,2.6416E-14,-4.6856E-15,-1.168E-16,-3.5112E-17,-1.7679E-15,-4.683E-15,-1.773E-15,-3.196E-17,1.138E-17,-2.4139E-17,-1.0265E-16,-2.4883E-17,1.1397E-17
TSV14,1.1392E-17,1.1602E-17,-7.0417E-17,-9.774E-17,-6.8285E-20,1.161E-17,-8.4236E-17,-1.7507E-15,-4.7283E-15,-1.8346E-15,1.1738E-17,-2.2508E-16,-4.6856E-15,2.6334E-14,-4.6684E-15,1.161E-17,-9.1551E-17,-1.7506E-15,-4.7241E-15,-1.8176E-15,1.138E-17,1.1603E-17,-7.2159E-17,-1.0457E-16,-1.2578E-17
TSV15,-6.0769E-17,-4.536E-17,1.1382E-17,-1.6065E-16,-1.4568E-15,-3.4765E-17,1.1727E-17,-7.2622E-17,-1.8258E-15,-6.4134E-15,-9.9227E-17,1.1738E-17,-1.168E-16,-4.6684E-15,2.4988E-14,-3.5268E-17,1.1726E-17,-7.4701E-17,-1.8397E-15,-6.3913E-15,-6.0232E-17,-5.119E-17,1.1389E-17,-1.6204E-16,-1.4629E-15
TSV16,-5.0695E-16,-6.4031E-17,-4.8085E-17,-3.2676E-17,-4.9588E-17,-1.3354E-15,-5.0866E-17,1.1614E-17,1.1597E-17,-2.3019E-17,-6.4095E-15,-1.8442E-15,-3.5112E-17,1.161E-17,-3.5268E-17,2.486E-14,-4.7485E-15,-1.0472E-16,1.1604E-17,-9.6582E-19,-6.8143E-15,-2.2231E-15,-1.5964E-16,-7.3218E-17,-1.4589E-16
TSV17,1.1382E-17,1.1592E-17,1.1719E-17,1.1585E-17,1.1371E-17,-4.8988E-17,-2.1335E-16,-8.9335E-17,1.2072E-17,1.1594E-17,-1.8232E-15,-4.7276E-15,-1.7679E-15,-9.1551E-17,1.1726E-17,-4.7485E-15,2.6219E-14,-4.723E-15,-2.1402E-16,1.1585E-17,-1.8186E-15,-4.7518E-15,-1.8365E-15,-5.3943E-17,1.1388E-17
TSV18,1.14E-17,1.161E-17,1.1738E-17,1.1603E-17,1.1389E-17,1.1618E-17,-8.9449E-17,-2.1975E-16,-8.9913E-17,1.1612E-17,-7.3083E-17,-1.7525E-15,-4.683E-15,-1.7506E-15,-7.4701E-17,-1.0472E-16,-4.723E-15,2.6335E-14,-4.7254E-15,-1.0612E-16,-9.9818E-18,-1.8347E-15,-4.6545E-15,-1.834E-15,-1.1782E-17
TSV19,1.1387E-17,1.1596E-17,1.1724E-17,1.1589E-17,1.1376E-17,1.1604E-17,1.208E-17,-8.946E-17,-2.1477E-16,-5.6801E-17,1.1732E-17,-9.4432E-17,-1.773E-15,-4.7241E-15,-1.8397E-15,1.1604E-17,-2.1402E-16,-4.7254E-15,2.6226E-14,-4.7398E-15,1.1374E-17,-4.8946E-17,-1.8431E-15,-4.7377E-15,-1.8266E-15
TSV20,-4.5998E-17,-3.0051E-17,-4.5151E-17,-6.1557E-17,-5.0585E-16,-2.138E-17,1.1586E-17,1.1599E-17,-4.6666E-17,-1.3168E-15,-3.3562E-17,1.1597E-17,-3.196E-17,-1.8176E-15,-6.3913E-15,-9.6582E-19,1.1585E-17,-1.0612E-16,-4.7398E-15,2.4772E-14,-1.3735E-16,-7.623E-17,-1.6444E-16,-2.2171E-15,-6.786E-15
TSV21,-8.0005E-16,-1.4299E-16,-6.1537E-17,-4.8171E-17,-8.3894E-17,-5.0539E-16,1.137E-17,1.1384E-17,1.1367E-17,-4.9763E-17,-1.4572E-15,-2.8607E-18,1.138E-17,1.138E-17,-6.0232E-17,-6.8143E-15,-1.8186E-15,-9.9818E-18,1.1374E-17,-1.3735E-16,2.203E-14,-6.8135E-15,-1.4665E-15,-5.2184E-16,-7.9743E-16
TSV22,-1.4532E-16,-2.1968E-19,-3.472E-17,-2.2918E-17,-4.8945E-17,-6.6113E-17,1.1594E-17,1.1608E-17,1.1591E-17,-3.2744E-17,-1.4884E-16,-1.0007E-16,-2.4139E-17,1.1603E-17,-5.119E-17,-2.2231E-15,-4.7518E-15,-1.8347E-15,-4.8946E-17,-7.623E-17,-6.8135E-15,2.4763E-14,-6.3434E-15,-1.3041E-15,-5.2345E-16
TSV23,-6.0971E-17,-3.3753E-17,-1.0464E-16,-3.5213E-17,-6.0326E-17,-4.8537E-17,1.1727E-17,1.1741E-17,1.1724E-17,-4.8158E-17,1.139E-17,-6.8509E-17,-1.0265E-16,-7.2159E-17,1.1389E-17,-1.5964E-16,-1.8365E-15,-4.6545E-15,-1.8431E-15,-1.6444E-16,-1.4665E-15,-6.3434E-15,2.4863E-14,-6.3325E-15,-1.4614E-15
TSV24,-4.7297E-17,-2.1634E-17,-3.4098E-17,2.4825E-18,-1.4047E-16,-3.1739E-17,1.1599E-17,1.1613E-17,1.1596E-17,-6.6881E-17,-4.8047E-17,1.161E-17,-2.4883E-17,-1.0457E-16,-1.6204E-16,-7.3218E-17,-5.3943E-17,-1.834E-15,-4.7377E-15,-2.2171E-15,-5.2184E-16,-1.3041E-15,-6.3325E-15,2.4729E-14,-6.8095E-15
TSV25,-8.7664E-17,-4.8487E-17,-6.2985E-17,-1.5018E-16,-8.0889E-16,-4.7043E-17,1.1388E-17,1.1402E-17,1.1385E-17,-5.0373E-16,-6.0756E-17,1.1399E-17,1.1397E-17,-1.2578E-17,-1.4629E-15,-1.4589E-16,1.1388E-17,-1.1782E-17,-1.8266E-15,-6.786E-15,-7.9743E-16,-5.2345E-16,-1.4614E-15,-6.8095E-15,2.2004E-14

Capacitance Matrix Coupling Coefficient
,TSV1,TSV2,TSV3,TSV4,TSV5,TSV6,TSV7,TSV8,TSV9,TSV10,TSV11,TSV12,TSV13,TSV14,TSV15,TSV16,TSV17,TSV18,TSV19,TSV20,TSV21,TSV22,TSV23,TSV24,TSV25,
TSV1,1,0.29126,0.062806,0.022144,0.036521,0.29221,0.076202,0.00053329,0.00047325,0.0061087,0.06209,0.00012945,0.00047193,0.00047267,0.0025884,0.021648,0.00047329,0.00047299,0.00047341,0.0019677,0.036293,0.0062179,0.0026035,0.0020251,0.003979
TSV2,0.29126,1,0.25579,0.053031,0.022111,0.089395,0.18581,0.071798,0.0021351,0.0028755,0.0065626,0.0038738,0.0011915,0.00045456,0.0018245,0.0025821,0.00045516,0.00045487,0.00045527,0.001214,0.0061255,8.8759E-06,0.001361,0.00087471,0.0020782
TSV3,0.062806,0.25579,1,0.25604,0.062388,0.0064784,0.071799,0.18172,0.071721,0.0063543,0.00045664,0.0028213,0.0040991,0.0027515,0.00045655,0.0019338,0.00045894,0.00045865,0.00045905,0.001819,0.002629,0.0013991,0.0042081,0.0013749,0.0026924
TSV4,0.022144,0.053031,0.25604,1,0.29126,0.0028245,0.0021421,0.07129,0.18579,0.089334,0.0019432,0.00045421,0.0012278,0.0038292,0.006461,0.0013175,0.00045485,0.00045457,0.00045497,0.0024865,0.0020634,0.0009259,0.0014198,0.00010036,0.0064363
TSV5,0.036521,0.022111,0.062388,0.29126,1,0.0060506,0.00047287,0.00056152,0.075953,0.29222,0.0026735,0.00047221,0.00047152,2.8334E-06,0.062055,0.0021178,0.00047288,0.00047258,0.000473,0.021642,0.003806,0.0020944,0.0025762,0.006015,0.036719
TSV6,0.29221,0.089395,0.0064784,0.0028245,0.0060506,1,0.18624,0.0043352,0.00045415,6.0726E-05,0.25757,0.071408,0.00099187,0.00045359,0.0013944,0.0537,0.0019181,0.00045391,0.00045431,0.00086126,0.021588,0.0026637,0.0019516,0.0012797,0.0020107
TSV7,0.076202,0.18581,0.071799,0.0021421,0.00047287,0.18624,1,0.17984,0.0082261,0.00045404,0.07137,0.17994,0.067235,0.0032055,0.00045811,0.0019922,0.0081364,0.0034038,0.00046062,0.00045456,0.00047307,0.00045497,0.00045929,0.00045549,0.00047409
TSV8,0.00053329,0.071798,0.18172,0.07129,0.00056152,0.0043352,0.17984,1,0.18022,0.0043107,0.0028186,0.06639,0.17743,0.066485,0.0028311,0.00045394,0.0033999,0.0083448,0.0034042,0.00045416,0.00047265,0.00045457,0.00045889,0.00045509,0.00047368
TSV9,0.00047325,0.0021351,0.071721,0.18579,0.075953,0.00045415,0.0082261,0.18022,1,0.18612,0.00045817,0.0032765,0.067141,0.17997,0.07134,0.00045431,0.00046047,0.0034222,0.0081914,0.0018314,0.00047304,0.00045494,0.00045926,0.00045547,0.00047406
TSV10,0.0061087,0.0028755,0.0063543,0.089334,0.29222,6.0726E-05,0.00045404,0.0043107,0.18612,1,0.0014117,0.00045341,0.0011885,0.071693,0.25728,0.00092581,0.00045405,0.00045377,0.0022242,0.053055,0.0021262,0.0013195,0.0019368,0.0026971,0.021534
TSV11,0.06209,0.0065626,0.00045664,0.0019432,0.0026735,0.25757,0.07137,0.0028186,0.00045817,0.0014117,1,0.18188,0.0044048,0.0004576,0.0039713,0.25718,0.071236,0.0028492,0.00045832,0.0013491,0.062112,0.0059839,0.000457,0.001933,0.0025912
TSV12,0.00012945,0.0038738,0.0028213,0.00045421,0.00047221,0.071408,0.17994,0.06639,0.0032765,0.00045341,0.18188,1,0.17756,0.008545,0.00045747,0.072061,0.17987,0.066531,0.0035924,0.00045393,0.00011874,0.0039176,0.0026768,0.00045486,0.00047343
TSV13,0.00047193,0.0011915,0.0040991,0.0012278,0.00047152,0.00099187,0.067235,0.17743,0.067141,0.0011885,0.0044048,0.17756,1,0.17766,0.004546,0.0013702,0.067175,0.17755,0.067359,0.0012494,0.00047172,0.00094382,0.0040055,0.00097357,0.00047274
TSV14,0.00047267,0.00045456,0.0027515,0.0038292,2.8334E-06,0.00045359,0.0032055,0.066485,0.17997,0.071693,0.0004576,0.008545,0.17766,1,0.18199,0.00045375,0.0034841,0.066476,0.17976,0.071162,0.00047246,0.00045438,0.0028201,0.0040976,0.00052252
TSV15,0.0025884,0.0018245,0.00045655,0.006461,0.062055,0.0013944,0.00045811,0.0028311,0.07134,0.25728,0.0039713,0.00045747,0.004546,0.18199,1,0.001415,0.00045812,0.002912,0.071863,0.25688,0.0025672,0.0020578,0.00045692,0.0065186,0.062388
TSV16,0.021648,0.0025821,0.0019338,0.0013175,0.0021178,0.0537,0.0019922,0.00045394,0.00045431,0.00092581,0.25718,0.072061,0.0013702,0.00045375,0.001415,1,0.18599,0.0040928,0.00045446,3.8919E-05,0.29118,0.0896,0.0064212,0.002953,0.0062377
TSV17,0.00047329,0.00045516,0.00045894,0.00045485,0.00047288,0.0019181,0.0081364,0.0033999,0.00046047,0.00045405,0.071236,0.17987,0.067175,0.0034841,0.00045812,0.18599,1,0.17974,0.0081615,0.00045457,0.075667,0.18649,0.071931,0.0021185,0.0004741
TSV18,0.00047299,0.00045487,0.00045865,0.00045457,0.00047258,0.00045391,0.0034038,0.0083448,0.0034222,0.00045377,0.0028492,0.066531,0.17755,0.066476,0.002912,0.0040928,0.17974,1,0.17981,0.004155,0.00041442,0.071844,0.1819,0.071869,0.00048944
TSV19,0.00047341,0.00045527,0.00045905,0.00045497,0.000473,0.00045431,0.00046062,0.0034042,0.0081914,0.0022242,0.00045832,0.0035924,0.067359,0.17976,0.071863,0.00045446,0.0081615,0.17981,1,0.18596,0.0004732,0.0019206,0.072177,0.18604,0.076037
TSV20,0.0019677,0.001214,0.001819,0.0024865,0.021642,0.00086126,0.00045456,0.00045416,0.0018314,0.053055,0.0013491,0.00045393,0.0012494,0.071162,0.25688,3.8919E-05,0.00045457,0.004155,0.18596,1,0.0058795,0.0030778,0.006626,0.089578,0.29065
TSV21,0.036293,0.0061255,0.002629,0.0020634,0.003806,0.021588,0.00047307,0.00047265,0.00047304,0.0021262,0.062112,0.00011874,0.00047172,0.00047246,0.0025672,0.29118,0.075667,0.00041442,0.0004732,0.0058795,1,0.29172,0.062661,0.022358,0.036218
TSV22,0.0062179,8.8759E-06,0.0013991,0.0009259,0.0020944,0.0026637,0.00045497,0.00045457,0.00045494,0.0013195,0.0059839,0.0039176,0.00094382,0.00045438,0.0020578,0.0896,0.18649,0.071844,0.0019206,0.0030778,0.29172,1,0.25565,0.052699,0.022424
TSV23,0.0026035,0.001361,0.0042081,0.0014198,0.0025762,0.0019516,0.00045929,0.00045889,0.00045926,0.0019368,0.000457,0.0026768,0.0040055,0.0028201,0.00045692,0.0064212,0.071931,0.1819,0.072177,0.006626,0.062661,0.25565,1,0.25539,0.062481
TSV24,0.0020251,0.00087471,0.0013749,0.00010036,0.006015,0.0012797,0.00045549,0.00045509,0.00045547,0.0026971,0.001933,0.00045486,0.00097357,0.0040976,0.0065186,0.002953,0.0021185,0.071869,0.18604,0.089578,0.022358,0.052699,0.25539,1,0.29192
TSV25,0.003979,0.0020782,0.0026924,0.0064363,0.036719,0.0020107,0.00047409,0.00047368,0.00047406,0.021534,0.0025912,0.00047343,0.00047274,0.00052252,0.062388,0.0062377,0.0004741,0.00048944,0.076037,0.29065,0.036218,0.022424,0.062481,0.29192,1

Spice Capacitance Matrix
,TSV1,TSV2,TSV3,TSV4,TSV5,TSV6,TSV7,TSV8,TSV9,TSV10,TSV11,TSV12,TSV13,TSV14,TSV15,TSV16,TSV17,TSV18,TSV19,TSV20,TSV21,TSV22,TSV23,TSV24,TSV25,
TSV1,4.7997E-16,6.8038E-15,1.4711E-15,5.173E-16,8.0554E-16,6.8452E-15,1.8328E-15,1.2853E-17,-1.138E-17,1.4307E-16,1.4576E-15,3.1207E-18,-1.1392E-17,-1.1392E-17,6.0769E-17,5.0695E-16,-1.1382E-17,-1.14E-17,-1.1387E-17,4.5998E-17,8.0005E-16,1.4532E-16,6.0971E-17,4.7297E-17,8.7664E-17
TSV2,6.8038E-15,2.1922E-16,6.3444E-15,1.3119E-15,5.1644E-16,2.2176E-15,4.7325E-15,1.8324E-15,5.4366E-17,7.1317E-17,1.6314E-16,9.8895E-17,3.0459E-17,-1.1602E-17,4.536E-17,6.4031E-17,-1.1592E-17,-1.161E-17,-1.1596E-17,3.0051E-17,1.4299E-16,2.1968E-19,3.3753E-17,2.1634E-17,4.8487E-17
TSV3,1.4711E-15,6.3444E-15,2.7373E-17,6.3512E-15,1.4612E-15,1.6114E-16,1.8336E-15,4.6505E-15,1.8312E-15,1.5802E-16,-1.1383E-17,7.222E-17,1.0507E-16,7.0417E-17,-1.1382E-17,4.8085E-17,-1.1719E-17,-1.1738E-17,-1.1724E-17,4.5151E-17,6.1537E-17,3.472E-17,1.0464E-16,3.4098E-17,6.2985E-17
TSV4,5.173E-16,1.3119E-15,6.3512E-15,2.2543E-16,6.8037E-15,7.0073E-17,5.4562E-17,1.8196E-15,4.7312E-15,2.2158E-15,4.8312E-17,-1.1597E-17,3.1388E-17,9.774E-17,1.6065E-16,3.2676E-17,-1.1585E-17,-1.1603E-17,-1.1589E-17,6.1557E-17,4.8171E-17,2.2918E-17,3.5213E-17,-2.4825E-18,1.5018E-16
TSV5,8.0554E-16,5.1644E-16,1.4612E-15,6.8037E-15,4.9378E-16,1.4172E-16,-1.1372E-17,1.3532E-17,1.8262E-15,6.8433E-15,6.2757E-17,-1.1383E-17,-1.1381E-17,6.8285E-20,1.4568E-15,4.9588E-17,-1.1371E-17,-1.1389E-17,-1.1376E-17,5.0585E-16,8.3894E-17,4.8945E-17,6.0326E-17,1.4047E-16,8.0889E-16
TSV6,6.8452E-15,2.2176E-15,1.6114E-16,7.0073E-17,1.4172E-16,2.0695E-16,4.7568E-15,1.1096E-16,-1.1597E-17,-1.5104E-18,6.4213E-15,1.8281E-15,2.5426E-17,-1.161E-17,3.4765E-17,1.3354E-15,4.8988E-17,-1.1618E-17,-1.1604E-17,2.138E-17,5.0539E-16,6.6113E-17,4.8537E-17,3.1739E-17,4.7043E-17
TSV7,1.8328E-15,4.7325E-15,1.8336E-15,5.4562E-17,-1.1372E-17,4.7568E-15,-5.7628E-16,4.7259E-15,2.1567E-16,-1.1594E-17,1.8268E-15,4.7296E-15,1.7696E-15,8.4236E-17,-1.1727E-17,5.0866E-17,2.1335E-16,8.9449E-17,-1.208E-17,-1.1586E-17,-1.137E-17,-1.1594E-17,-1.1727E-17,-1.1599E-17,-1.1388E-17
TSV8,1.2853E-17,1.8324E-15,4.6505E-15,1.8196E-15,1.3532E-17,1.1096E-16,4.7259E-15,-3.2038E-16,4.7348E-15,1.103E-16,7.2294E-17,1.7487E-15,4.6796E-15,1.7507E-15,7.2622E-17,-1.1614E-17,8.9335E-17,2.1975E-16,8.946E-17,-1.1599E-17,-1.1384E-17,-1.1608E-17,-1.1741E-17,-1.1613E-17,-1.1402E-17
TSV9,-1.138E-17,5.4366E-17,1.8312E-15,4.7312E-15,1.8262E-15,-1.1597E-17,2.1567E-16,4.7348E-15,-5.7549E-16,4.7517E-15,-1.1725E-17,8.6104E-17,1.7667E-15,4.7283E-15,1.8258E-15,-1.1597E-17,-1.2072E-17,8.9913E-17,2.1477E-16,4.6666E-17,-1.1367E-17,-1.1591E-17,-1.1724E-17,-1.1596E-17,-1.1385E-17
TSV10,1.4307E-16,7.1317E-17,1.5802E-16,2.2158E-15,6.8433E-15,-1.5104E-18,-1.1594E-17,1.103E-16,4.7517E-15,2.0936E-16,3.5186E-17,-1.1606E-17,3.0461E-17,1.8346E-15,6.4134E-15,2.3019E-17,-1.1594E-17,-1.1612E-17,5.6801E-17,1.3168E-15,4.9763E-17,3.2744E-17,4.8158E-17,6.6881E-17,5.0373E-16
TSV11,1.4576E-15,1.6314E-16,-1.1383E-17,4.8312E-17,6.2757E-17,6.4213E-15,1.8268E-15,7.2294E-17,-1.1725E-17,3.5186E-17,2.1638E-17,4.6664E-15,1.1316E-16,-1.1738E-17,9.9227E-17,6.4095E-15,1.8232E-15,7.3083E-17,-1.1732E-17,3.3562E-17,1.4572E-15,1.4884E-16,-1.139E-17,4.8047E-17,6.0756E-17
TSV12,3.1207E-18,9.8895E-17,7.222E-17,-1.1597E-17,-1.1383E-17,1.8281E-15,4.7296E-15,1.7487E-15,8.6104E-17,-1.1606E-17,4.6664E-15,-3.0464E-16,4.6842E-15,2.2508E-16,-1.1738E-17,1.8442E-15,4.7276E-15,1.7525E-15,9.4432E-17,-1.1597E-17,2.8607E-18,1.0007E-16,6.8509E-17,-1.161E-17,-1.1399E-17
TSV13,-1.1392E-17,3.0459E-17,1.0507E-16,3.1388E-17,-1.1381E-17,2.5426E-17,1.7696E-15,4.6796E-15,1.7667E-15,3.0461E-17,1.1316E-16,4.6842E-15,-1.9576E-17,4.6856E-15,1.168E-16,3.5112E-17,1.7679E-15,4.683E-15,1.773E-15,3.196E-17,-1.138E-17,2.4139E-17,1.0265E-16,2.4883E-17,-1.1397E-17
TSV14,-1.1392E-17,-1.1602E-17,7.0417E-17,9.774E-17,6.8285E-20,-1.161E-17,8.4236E-17,1.7507E-15,4.7283E-15,1.8346E-15,-1.1738E-17,2.2508E-16,4.6856E-15,-3.0353E-16,4.6684E-15,-1.161E-17,9.1551E-17,1.7506E-15,4.7241E-15,1.8176E-15,-1.138E-17,-1.1603E-17,7.2159E-17,1.0457E-16,1.2578E-17
TSV15,6.0769E-17,4.536E-17,-1.1382E-17,1.6065E-16,1.4568E-15,3.4765E-17,-1.1727E-17,7.2622E-17,1.8258E-15,6.4134E-15,9.9227E-17,-1.1738E-17,1.168E-16,4.6684E-15,1.417E-17,3.5268E-17,-1.1726E-17,7.4701E-17,1.8397E-15,6.3913E-15,6.0232E-17,5.119E-17,-1.1389E-17,1.6204E-16,1.4629E-15
TSV16,5.0695E-16,6.4031E-17,4.8085E-17,3.2676E-17,4.9588E-17,1.3354E-15,5.0866E-17,-1.1614E-17,-1.1597E-17,2.3019E-17,6.4095E-15,1.8442E-15,3.5112E-17,-1.161E-17,3.5268E-17,2.0126E-16,4.7485E-15,1.0472E-16,-1.1604E-17,9.6582E-19,6.8143E-15,2.2231E-15,1.5964E-16,7.3218E-17,1.4589E-16
TSV17,-1.1382E-17,-1.1592E-17,-1.1719E-17,-1.1585E-17,-1.1371E-17,4.8988E-17,2.1335E-16,8.9335E-17,-1.2072E-17,-1.1594E-17,1.8232E-15,4.7276E-15,1.7679E-15,9.1551E-17,-1.1726E-17,4.7485E-15,-5.7281E-16,4.723E-15,2.1402E-16,-1.1585E-17,1.8186E-15,4.7518E-15,1.8365E-15,5.3943E-17,-1.1388E-17
TSV18,-1.14E-17,-1.161E-17,-1.1738E-17,-1.1603E-17,-1.1389E-17,-1.1618E-17,8.9449E-17,2.1975E-16,8.9913E-17,-1.1612E-17,7.3083E-17,1.7525E-15,4.683E-15,1.7506E-15,7.4701E-17,1.0472E-16,4.723E-15,-3.2155E-16,4.7254E-15,1.0612E-16,9.9818E-18,1.8347E-15,4.6545E-15,1.834E-15,1.1782E-17
TSV19,-1.1387E-17,-1.1596E-17,-1.1724E-17,-1.1589E-17,-1.1376E-17,-1.1604E-17,-1.208E-17,8.946E-17,2.1477E-16,5.6801E-17,-1.1732E-17,9.4432E-17,1.773E-15,4.7241E-15,1.8397E-15,-1.1604E-17,2.1402E-16,4.7254E-15,-5.8537E-16,4.7398E-15,-1.1374E-17,4.8946E-17,1.8431E-15,4.7377E-15,1.8266E-15
TSV20,4.5998E-17,3.0051E-17,4.5151E-17,6.1557E-17,5.0585E-16,2.138E-17,-1.1586E-17,-1.1599E-17,4.6666E-17,1.3168E-15,3.3562E-17,-1.1597E-17,3.196E-17,1.8176E-15,6.3913E-15,9.6582E-19,-1.1585E-17,1.0612E-16,4.7398E-15,2.4287E-16,1.3735E-16,7.623E-17,1.6444E-16,2.2171E-15,6.786E-15
TSV21,8.0005E-16,1.4299E-16,6.1537E-17,4.8171E-17,8.3894E-17,5.0539E-16,-1.137E-17,-1.1384E-17,-1.1367E-17,4.9763E-17,1.4572E-15,2.8607E-18,-1.138E-17,-1.138E-17,6.0232E-17,6.8143E-15,1.8186E-15,9.9818E-18,-1.1374E-17,1.3735E-16,5.0679E-16,6.8135E-15,1.4665E-15,5.2184E-16,7.9743E-16
TSV22,1.4532E-16,2.1968E-19,3.472E-17,2.2918E-17,4.8945E-17,6.6113E-17,-1.1594E-17,-1.1608E-17,-1.1591E-17,3.2744E-17,1.4884E-16,1.0007E-16,2.4139E-17,-1.1603E-17,5.119E-17,2.2231E-15,4.7518E-15,1.8347E-15,4.8946E-17,7.623E-17,6.8135E-15,2.1507E-16,6.3434E-15,1.3041E-15,5.2345E-16
TSV23,6.0971E-17,3.3753E-17,1.0464E-16,3.5213E-17,6.0326E-17,4.8537E-17,-1.1727E-17,-1.1741E-17,-1.1724E-17,4.8158E-17,-1.139E-17,6.8509E-17,1.0265E-16,7.2159E-17,-1.1389E-17,1.5964E-16,1.8365E-15,4.6545E-15,1.8431E-15,1.6444E-16,1.4665E-15,6.3434E-15,2.3739E-17,6.3325E-15,1.4614E-15
TSV24,4.7297E-17,2.1634E-17,3.4098E-17,-2.4825E-18,1.4047E-16,3.1739E-17,-1.1599E-17,-1.1613E-17,-1.1596E-17,6.6881E-17,4.8047E-17,-1.161E-17,2.4883E-17,1.0457E-16,1.6204E-16,7.3218E-17,5.3943E-17,1.834E-15,4.7377E-15,2.2171E-15,5.2184E-16,1.3041E-15,6.3325E-15,2.1199E-16,6.8095E-15
TSV25,8.7664E-17,4.8487E-17,6.2985E-17,1.5018E-16,8.0889E-16,4.7043E-17,-1.1388E-17,-1.1402E-17,-1.1385E-17,5.0373E-16,6.0756E-17,-1.1399E-17,-1.1397E-17,1.2578E-17,1.4629E-15,1.4589E-16,-1.1388E-17,1.1782E-17,1.8266E-15,6.786E-15,7.9743E-16,5.2345E-16,1.4614E-15,6.8095E-15,4.6548E-16

Conductance Matrix
,TSV1,TSV2,TSV3,TSV4,TSV5,TSV6,TSV7,TSV8,TSV9,TSV10,TSV11,TSV12,TSV13,TSV14,TSV15,TSV16,TSV17,TSV18,TSV19,TSV20,TSV21,TSV22,TSV23,TSV24,TSV25,
TSV1,0.29151,-0.012461,-0.037363,-0.020941,-0.023377,-0.014429,-0.037729,-0.011233,-0.0023497,-0.0088534,-0.038361,-0.011195,9.7175E-05,0.00073746,-0.0053233,-0.020761,-0.0023135,0.00077381,-0.00065203,-0.005534,-0.022907,-0.008943,-0.0053778,-0.0057547,-0.0076454
TSV2,-0.012461,0.28315,-0.012921,-0.044667,-0.021078,-0.043689,-0.0086293,-0.033715,-0.016484,-0.0079905,-0.016197,-0.012184,-0.0070382,-0.0020242,-0.0048399,-0.0077128,0.00073524,0.0017393,0.00062789,-0.0049167,-0.008858,-0.0026309,-0.003366,-0.0036467,-0.0058612
TSV3,-0.037363,-0.012921,0.2823,-0.014118,-0.037129,-0.015859,-0.035225,-0.0075822,-0.035377,-0.015657,-0.0033551,-0.0090587,-0.01258,-0.0089364,-0.0033078,-0.0046977,0.00063074,0.0015086,0.00061035,-0.0046402,-0.0053134,-0.0033193,-0.0053972,-0.0033342,-0.005426
TSV4,-0.020941,-0.044667,-0.014118,0.28349,-0.012684,-0.0078917,-0.016505,-0.033625,-0.0079572,-0.043093,-0.004732,-0.002056,-0.0070253,-0.011882,-0.016009,-0.0049531,0.00056076,0.0016998,0.00071652,-0.0076995,-0.0055668,-0.0035716,-0.0033257,-0.0025672,-0.0091014
TSV5,-0.023377,-0.021078,-0.037129,-0.012684,0.29044,-0.0087557,-0.002369,-0.011274,-0.037829,-0.01408,-0.0052668,0.00071386,-2.5786E-05,-0.011198,-0.038374,-0.0056749,-0.00070997,0.00076767,-0.0023343,-0.020668,-0.0073331,-0.0056757,-0.0053965,-0.0089053,-0.023344
TSV6,-0.014429,-0.043689,-0.015859,-0.0078917,-0.0087557,0.28746,-0.0085699,-0.012075,0.0005529,-0.002519,-0.014139,-0.033827,-0.0066471,0.0015872,-0.00339,-0.045854,-0.016246,-0.0016897,0.00066538,-0.0034561,-0.020801,-0.0079149,-0.0048089,-0.0050014,-0.0056049
TSV7,-0.037729,-0.0086293,-0.035225,-0.016505,-0.002369,-0.0085699,0.26962,-0.0081376,-0.018753,0.00061731,-0.035007,-0.0080259,-0.030123,-0.010876,0.00062193,-0.016154,-0.018537,-0.010893,-0.0012706,0.00060237,-0.0024204,0.00047801,0.0004992,0.00049372,-0.00074549
TSV8,-0.011233,-0.033715,-0.0075822,-0.033625,-0.011274,-0.012075,-0.0081376,0.26778,-0.0081682,-0.012208,-0.0087693,-0.030311,-0.0087274,-0.030296,-0.0088339,-0.0017964,-0.010948,-0.018601,-0.010967,-0.001796,0.00062756,0.001508,0.0013847,0.0015531,0.00061018
TSV9,-0.0023497,-0.016484,-0.035377,-0.0079572,-0.037829,0.0005529,-0.018753,-0.0081682,0.26975,-0.0083523,0.00059305,-0.010954,-0.030139,-0.007943,-0.03563,0.00063632,-0.0012676,-0.010966,-0.018625,-0.016311,-0.00072008,0.00048084,0.00048193,0.00048535,-0.0025451
TSV10,-0.0088534,-0.0079905,-0.015657,-0.043093,-0.01408,-0.002519,0.00061731,-0.012208,-0.0083523,0.28667,-0.0034031,0.0015864,-0.0068215,-0.033373,-0.01495,-0.0035402,0.0006356,-0.0018239,-0.016267,-0.045142,-0.0056184,-0.0050196,-0.0048184,-0.0079395,-0.020731
TSV11,-0.038361,-0.016197,-0.0033551,-0.004732,-0.0052668,-0.014139,-0.035007,-0.0087693,0.00059305,-0.0034031,0.28425,-0.0082258,-0.01265,0.0014807,-0.0053792,-0.014984,-0.035713,-0.0089705,0.00054602,-0.0033071,-0.038123,-0.015618,-0.0029503,-0.0047983,-0.00531
TSV12,-0.011195,-0.012184,-0.0090587,-0.002056,0.00071386,-0.033827,-0.0080259,-0.030311,-0.010954,0.0015864,-0.0082258,0.26771,-0.0089604,-0.018949,0.001432,-0.033804,-0.0081213,-0.030472,-0.011182,0.0017603,-0.011086,-0.011794,-0.0086576,-0.001752,0.00088121
TSV13,9.7175E-05,-0.0070382,-0.01258,-0.0070253,-2.5786E-05,-0.0066471,-0.030123,-0.0087274,-0.030139,-0.0068215,-0.01265,-0.0089604,0.26762,-0.0089298,-0.012675,-0.0069785,-0.030241,-0.0090022,-0.030464,-0.007153,0.00016658,-0.0066311,-0.012325,-0.0066978,0.00012854
TSV14,0.00073746,-0.0020242,-0.0089364,-0.011882,-0.011198,0.0015872,-0.010876,-0.030296,-0.007943,-0.033373,0.0014807,-0.018949,-0.0089298,0.26791,-0.0075001,0.0018056,-0.01113,-0.030494,-0.0080282,-0.034316,0.00086942,-0.0018549,-0.0087086,-0.011835,-0.011062
TSV15,-0.0053233,-0.0048399,-0.0033078,-0.016009,-0.038374,-0.00339,0.00062193,-0.0088339,-0.03563,-0.01495,-0.0053792,0.001432,-0.012675,-0.0075001,0.28567,-0.0031964,0.00056845,-0.0089661,-0.034972,-0.014997,-0.0049972,-0.0046704,-0.0029596,-0.015823,-0.037645
TSV16,-0.020761,-0.0077128,-0.0046977,-0.0049531,-0.0056749,-0.045854,-0.016154,-0.0017964,0.00063632,-0.0035402,-0.014984,-0.033804,-0.0069785,0.0018056,-0.0031964,0.28717,-0.0079536,-0.011907,0.000719,-0.0026564,-0.013775,-0.043245,-0.015599,-0.0080608,-0.008968
TSV17,-0.0023135,0.00073524,0.00063074,0.00056076,-0.00070997,-0.016246,-0.018537,-0.010948,-0.0012676,0.0006356,-0.035713,-0.0081213,-0.030241,-0.01113,0.00056845,-0.0079536,0.27019,-0.0079274,-0.018613,0.00067335,-0.037318,-0.0085217,-0.035527,-0.016429,-0.0023268
TSV18,0.00077381,0.0017393,0.0015086,0.0016998,0.00076767,-0.0016897,-0.010893,-0.018601,-0.010966,-0.0018239,-0.0089705,-0.030472,-0.0090022,-0.030494,-0.0089661,-0.011907,-0.0079274,0.2679,-0.0079908,-0.012053,-0.011221,-0.034181,-0.0078525,-0.03383,-0.011219
TSV19,-0.00065203,0.00062789,0.00061035,0.00071652,-0.0023343,0.00066538,-0.0012706,-0.010967,-0.018625,-0.016267,0.00054602,-0.011182,-0.030464,-0.0080282,-0.034972,0.000719,-0.018613,-0.0079908,0.27006,-0.008602,-0.0022816,-0.016418,-0.035532,-0.0090258,-0.037709
TSV20,-0.005534,-0.0049167,-0.0046402,-0.0076995,-0.020668,-0.0034561,0.00060237,-0.001796,-0.016311,-0.045142,-0.0033071,0.0017603,-0.007153,-0.034316,-0.014997,-0.0026564,0.00067335,-0.012053,-0.008602,0.28346,-0.0087884,-0.008141,-0.016133,-0.043576,-0.011965
TSV21,-0.022907,-0.008858,-0.0053134,-0.0055668,-0.0073331,-0.020801,-0.0024204,0.00062756,-0.00072008,-0.0056184,-0.038123,-0.011086,0.00016658,0.00086942,-0.0049972,-0.013775,-0.037318,-0.011221,-0.0022816,-0.0087884,0.28792,-0.013328,-0.037634,-0.02124,-0.023204
TSV22,-0.008943,-0.0026309,-0.0033193,-0.0035716,-0.0056757,-0.0079149,0.00047801,0.001508,0.00048084,-0.0050196,-0.015618,-0.011794,-0.0066311,-0.0018549,-0.0046704,-0.043245,-0.0085217,-0.034181,-0.016418,-0.008141,-0.013328,0.28463,-0.013889,-0.044339,-0.020893
TSV23,-0.0053778,-0.003366,-0.0053972,-0.0033257,-0.0053965,-0.0048089,0.0004992,0.0013847,0.00048193,-0.0048184,-0.0029503,-0.0086576,-0.012325,-0.0087086,-0.0029596,-0.015599,-0.035527,-0.0078525,-0.035532,-0.016133,-0.037634,-0.013889,0.28191,-0.012614,-0.037282
TSV24,-0.0057547,-0.0036467,-0.0033342,-0.0025672,-0.0089053,-0.0050014,0.00049372,0.0015531,0.00048535,-0.0079395,-0.0047983,-0.001752,-0.0066978,-0.011835,-0.015823,-0.0080608,-0.016429,-0.03383,-0.0090258,-0.043576,-0.02124,-0.044339,-0.012614,0.2829,-0.013155
TSV25,-0.0076454,-0.0058612,-0.005426,-0.0091014,-0.023344,-0.0056049,-0.00074549,0.00061018,-0.0025451,-0.020731,-0.00531,0.00088121,0.00012854,-0.011062,-0.037645,-0.008968,-0.0023268,-0.011219,-0.037709,-0.011965,-0.023204,-0.020893,-0.037282,-0.013155,0.29058

Conductance Matrix Coupling Coefficient
,TSV1,TSV2,TSV3,TSV4,TSV5,TSV6,TSV7,TSV8,TSV9,TSV10,TSV11,TSV12,TSV13,TSV14,TSV15,TSV16,TSV17,TSV18,TSV19,TSV20,TSV21,TSV22,TSV23,TSV24,TSV25,
TSV1,1,0.043374,0.13024,0.072844,0.08034,0.049843,0.13458,0.040206,0.0083793,0.030626,0.13326,0.040074,0.00034791,0.0026389,0.018447,0.071755,0.0082434,0.0027689,0.0023239,0.019251,0.07907,0.031046,0.01876,0.020039,0.026269
TSV2,0.043374,1,0.0457,0.15766,0.073501,0.15314,0.031231,0.12244,0.059645,0.028046,0.057091,0.044255,0.025568,0.0073493,0.017018,0.027048,0.0026582,0.0063151,0.0022707,0.017355,0.031024,0.0092673,0.011914,0.012885,0.020434
TSV3,0.13024,0.0457,1,0.049904,0.12967,0.055671,0.12768,0.027577,0.1282,0.055038,0.011844,0.032952,0.045767,0.032495,0.011648,0.016499,0.0022838,0.0054856,0.0022105,0.016403,0.018637,0.01171,0.019132,0.011798,0.018945
TSV4,0.072844,0.15766,0.049904,1,0.044202,0.027645,0.059698,0.12204,0.028775,0.15116,0.01667,0.0074632,0.025506,0.043115,0.056256,0.017359,0.0020262,0.0061678,0.0025896,0.027161,0.019485,0.012573,0.011764,0.0090652,0.031711
TSV5,0.08034,0.073501,0.12967,0.044202,1,0.030302,0.0084656,0.040427,0.13515,0.048795,0.01833,0.0025601,9.2489E-05,0.040144,0.13322,0.01965,0.0025344,0.0027521,0.0083349,0.072033,0.025359,0.01974,0.01886,0.031067,0.080354
TSV6,0.049843,0.15314,0.055671,0.027645,0.030302,1,0.030783,0.043521,0.0019855,0.0087751,0.049461,0.12194,0.023965,0.0057193,0.01183,0.15959,0.058293,0.0060887,0.0023881,0.012107,0.072304,0.02767,0.016893,0.017538,0.019393
TSV7,0.13458,0.031231,0.12768,0.059698,0.0084656,0.030783,1,0.030285,0.069536,0.0022204,0.12645,0.029874,0.11214,0.040468,0.002241,0.058055,0.068679,0.040531,0.0047086,0.0021789,0.0086871,0.0017255,0.0018107,0.0017877,0.0026634
TSV8,0.040206,0.12244,0.027577,0.12204,0.040427,0.043521,0.030285,1,0.030392,0.044063,0.031785,0.11321,0.032602,0.11311,0.03194,0.0064779,0.040704,0.069447,0.040782,0.0065187,0.0022601,0.0054621,0.0050397,0.0056427,0.0021874
TSV9,0.0083793,0.059645,0.1282,0.028775,0.13515,0.0019855,0.069536,0.030392,1,0.030035,0.0021417,0.040761,0.11217,0.029546,0.12835,0.0022863,0.0046952,0.040794,0.069006,0.058987,0.0025838,0.0017353,0.0017476,0.0017569,0.0090905
TSV10,0.030626,0.028046,0.055038,0.15116,0.048795,0.0087751,0.0022204,0.044063,0.030035,1,0.011922,0.0057265,0.024628,0.12042,0.052242,0.012338,0.0022838,0.0065816,0.058464,0.15836,0.019556,0.017573,0.016949,0.02788,0.071829
TSV11,0.13326,0.057091,0.011844,0.01667,0.01833,0.049461,0.12645,0.031785,0.0021417,0.011922,1,0.029819,0.045866,0.0053655,0.018877,0.052447,0.12887,0.032507,0.0019707,0.01165,0.13326,0.054908,0.010422,0.016921,0.018476
TSV12,0.040074,0.044255,0.032952,0.0074632,0.0025601,0.12194,0.029874,0.11321,0.040761,0.0057265,0.029819,1,0.033477,0.070757,0.0051781,0.12192,0.030197,0.11379,0.041588,0.0063901,0.039933,0.042725,0.031515,0.0063665,0.0031595
TSV13,0.00034791,0.025568,0.045767,0.025506,9.2489E-05,0.023965,0.11214,0.032602,0.11217,0.024628,0.045866,0.033477,1,0.03335,0.04584,0.025173,0.11246,0.033621,0.11332,0.025971,0.00060013,0.024026,0.044871,0.024342,0.00046094
TSV14,0.0026389,0.0073493,0.032495,0.043115,0.040144,0.0057193,0.040468,0.11311,0.029546,0.12042,0.0053655,0.070757,0.03335,1,0.027111,0.0065097,0.041368,0.11382,0.029847,0.12453,0.0031304,0.0067171,0.031688,0.04299,0.039645
TSV15,0.018447,0.017018,0.011648,0.056256,0.13322,0.01183,0.002241,0.03194,0.12835,0.052242,0.018877,0.0051781,0.04584,0.027111,1,0.01116,0.0020461,0.032411,0.12591,0.052703,0.017424,0.016379,0.010429,0.055658,0.13066
TSV16,0.071755,0.027048,0.016499,0.017359,0.01965,0.15959,0.058055,0.0064779,0.0022863,0.012338,0.052447,0.12192,0.025173,0.0065097,0.01116,1,0.028554,0.042928,0.0025819,0.0093105,0.047905,0.15126,0.054825,0.028281,0.031045
TSV17,0.0082434,0.0026582,0.0022838,0.0020262,0.0025344,0.058293,0.068679,0.040704,0.0046952,0.0022838,0.12887,0.030197,0.11246,0.041368,0.0020461,0.028554,1,0.029465,0.068906,0.0024331,0.1338,0.030729,0.12873,0.059426,0.0083041
TSV18,0.0027689,0.0063151,0.0054856,0.0061678,0.0027521,0.0060887,0.040531,0.069447,0.040794,0.0065816,0.032507,0.11379,0.033621,0.11382,0.032411,0.042928,0.029465,1,0.029708,0.043737,0.040402,0.12378,0.028574,0.12289,0.040209
TSV19,0.0023239,0.0022707,0.0022105,0.0025896,0.0083349,0.0023881,0.0047086,0.040782,0.069006,0.058464,0.0019707,0.041588,0.11332,0.029847,0.12591,0.0025819,0.068906,0.029708,1,0.03109,0.0081823,0.059218,0.12878,0.032654,0.13461
TSV20,0.019251,0.017355,0.016403,0.027161,0.072033,0.012107,0.0021789,0.0065187,0.058987,0.15836,0.01165,0.0063901,0.025971,0.12453,0.052703,0.0093105,0.0024331,0.043737,0.03109,1,0.030763,0.028661,0.057072,0.15388,0.04169
TSV21,0.07907,0.031024,0.018637,0.019485,0.025359,0.072304,0.0086871,0.0022601,0.0025838,0.019556,0.13326,0.039933,0.00060013,0.0031304,0.017424,0.047905,0.1338,0.040402,0.0081823,0.030763,1,0.046558,0.1321,0.074423,0.080222
TSV22,0.031046,0.0092673,0.01171,0.012573,0.01974,0.02767,0.0017255,0.0054621,0.0017353,0.017573,0.054908,0.042725,0.024026,0.0067171,0.016379,0.15126,0.030729,0.12378,0.059218,0.028661,0.046558,1,0.049032,0.15625,0.072649
TSV23,0.01876,0.011914,0.019132,0.011764,0.01886,0.016893,0.0018107,0.0050397,0.0017476,0.016949,0.010422,0.031515,0.044871,0.031688,0.010429,0.054825,0.12873,0.028574,0.12878,0.057072,0.1321,0.049032,1,0.044665,0.13026
TSV24,0.020039,0.012885,0.011798,0.0090652,0.031067,0.017538,0.0017877,0.0056427,0.0017569,0.02788,0.016921,0.0063665,0.024342,0.04299,0.055658,0.028281,0.059426,0.12289,0.032654,0.15388,0.074423,0.15625,0.044665,1,0.045883
TSV25,0.026269,0.020434,0.018945,0.031711,0.080354,0.019393,0.0026634,0.0021874,0.0090905,0.071829,0.018476,0.0031595,0.00046094,0.039645,0.13066,0.031045,0.0083041,0.040209,0.13461,0.04169,0.080222,0.072649,0.13026,0.045883,1

Spice Conductance Matrix
,TSV1,TSV2,TSV3,TSV4,TSV5,TSV6,TSV7,TSV8,TSV9,TSV10,TSV11,TSV12,TSV13,TSV14,TSV15,TSV16,TSV17,TSV18,TSV19,TSV20,TSV21,TSV22,TSV23,TSV24,TSV25,
TSV1,-0.010383,0.012461,0.037363,0.020941,0.023377,0.014429,0.037729,0.011233,0.0023497,0.0088534,0.038361,0.011195,-9.7175E-05,-0.00073746,0.0053233,0.020761,0.0023135,-0.00077381,0.00065203,0.005534,0.022907,0.008943,0.0053778,0.0057547,0.0076454
TSV2,0.012461,0.0053385,0.012921,0.044667,0.021078,0.043689,0.0086293,0.033715,0.016484,0.0079905,0.016197,0.012184,0.0070382,0.0020242,0.0048399,0.0077128,-0.00073524,-0.0017393,-0.00062789,0.0049167,0.008858,0.0026309,0.003366,0.0036467,0.0058612
TSV3,0.037363,0.012921,0.0044566,0.014118,0.037129,0.015859,0.035225,0.0075822,0.035377,0.015657,0.0033551,0.0090587,0.01258,0.0089364,0.0033078,0.0046977,-0.00063074,-0.0015086,-0.00061035,0.0046402,0.0053134,0.0033193,0.0053972,0.0033342,0.005426
TSV4,0.020941,0.044667,0.014118,0.0064966,0.012684,0.0078917,0.016505,0.033625,0.0079572,0.043093,0.004732,0.002056,0.0070253,0.011882,0.016009,0.0049531,-0.00056076,-0.0016998,-0.00071652,0.0076995,0.0055668,0.0035716,0.0033257,0.0025672,0.0091014
TSV5,0.023377,0.021078,0.037129,0.012684,-0.01156,0.0087557,0.002369,0.011274,0.037829,0.01408,0.0052668,-0.00071386,2.5786E-05,0.011198,0.038374,0.0056749,0.00070997,-0.00076767,0.0023343,0.020668,0.0073331,0.0056757,0.0053965,0.0089053,0.023344
TSV6,0.014429,0.043689,0.015859,0.0078917,0.0087557,0.0070992,0.0085699,0.012075,-0.0005529,0.002519,0.014139,0.033827,0.0066471,-0.0015872,0.00339,0.045854,0.016246,0.0016897,-0.00066538,0.0034561,0.020801,0.0079149,0.0048089,0.0050014,0.0056049
TSV7,0.037729,0.0086293,0.035225,0.016505,0.002369,0.0085699,0.0029642,0.0081376,0.018753,-0.00061731,0.035007,0.0080259,0.030123,0.010876,-0.00062193,0.016154,0.018537,0.010893,0.0012706,-0.00060237,0.0024204,-0.00047801,-0.0004992,-0.00049372,0.00074549
TSV8,0.011233,0.033715,0.0075822,0.033625,0.011274,0.012075,0.0081376,0.004398,0.0081682,0.012208,0.0087693,0.030311,0.0087274,0.030296,0.0088339,0.0017964,0.010948,0.018601,0.010967,0.001796,-0.00062756,-0.001508,-0.0013847,-0.0015531,-0.00061018
TSV9,0.0023497,0.016484,0.035377,0.0079572,0.037829,-0.0005529,0.018753,0.0081682,0.0026117,0.0083523,-0.00059305,0.010954,0.030139,0.007943,0.03563,-0.00063632,0.0012676,0.010966,0.018625,0.016311,0.00072008,-0.00048084,-0.00048193,-0.00048535,0.0025451
TSV10,0.0088534,0.0079905,0.015657,0.043093,0.01408,0.002519,-0.00061731,0.012208,0.0083523,0.0073095,0.0034031,-0.0015864,0.0068215,0.033373,0.01495,0.0035402,-0.0006356,0.0018239,0.016267,0.045142,0.0056184,0.0050196,0.0048184,0.0079395,0.020731
TSV11,0.038361,0.016197,0.0033551,0.004732,0.0052668,0.014139,0.035007,0.0087693,-0.00059305,0.0034031,0.0016145,0.0082258,0.01265,-0.0014807,0.0053792,0.014984,0.035713,0.0089705,-0.00054602,0.0033071,0.038123,0.015618,0.0029503,0.0047983,0.00531
TSV12,0.011195,0.012184,0.0090587,0.002056,-0.00071386,0.033827,0.0080259,0.030311,0.010954,-0.0015864,0.0082258,0.0034629,0.0089604,0.018949,-0.001432,0.033804,0.0081213,0.030472,0.011182,-0.0017603,0.011086,0.011794,0.0086576,0.001752,-0.00088121
TSV13,-9.7175E-05,0.0070382,0.01258,0.0070253,2.5786E-05,0.0066471,0.030123,0.0087274,0.030139,0.0068215,0.01265,0.0089604,0.0061741,0.0089298,0.012675,0.0069785,0.030241,0.0090022,0.030464,0.007153,-0.00016658,0.0066311,0.012325,0.0066978,-0.00012854
TSV14,-0.00073746,0.0020242,0.0089364,0.011882,0.011198,-0.0015872,0.010876,0.030296,0.007943,0.033373,-0.0014807,0.018949,0.0089298,0.0050549,0.0075001,-0.0018056,0.01113,0.030494,0.0080282,0.034316,-0.00086942,0.0018549,0.0087086,0.011835,0.011062
TSV15,0.0053233,0.0048399,0.0033078,0.016009,0.038374,0.00339,-0.00062193,0.0088339,0.03563,0.01495,0.0053792,-0.001432,0.012675,0.0075001,0.0038525,0.0031964,-0.00056845,0.0089661,0.034972,0.014997,0.0049972,0.0046704,0.0029596,0.015823,0.037645
TSV16,0.020761,0.0077128,0.0046977,0.0049531,0.0056749,0.045854,0.016154,0.0017964,-0.00063632,0.0035402,0.014984,0.033804,0.0069785,-0.0018056,0.0031964,0.0080579,0.0079536,0.011907,-0.000719,0.0026564,0.013775,0.043245,0.015599,0.0080608,0.008968
TSV17,0.0023135,-0.00073524,-0.00063074,-0.00056076,0.00070997,0.016246,0.018537,0.010948,0.0012676,-0.0006356,0.035713,0.0081213,0.030241,0.01113,-0.00056845,0.0079536,0.0041455,0.0079274,0.018613,-0.00067335,0.037318,0.0085217,0.035527,0.016429,0.0023268
TSV18,-0.00077381,-0.0017393,-0.0015086,-0.0016998,-0.00076767,0.0016897,0.010893,0.018601,0.010966,0.0018239,0.0089705,0.030472,0.0090022,0.030494,0.0089661,0.011907,0.0079274,0.0043311,0.0079908,0.012053,0.011221,0.034181,0.0078525,0.03383,0.011219
TSV19,0.00065203,-0.00062789,-0.00061035,-0.00071652,0.0023343,-0.00066538,0.0012706,0.010967,0.018625,0.016267,-0.00054602,0.011182,0.030464,0.0080282,0.034972,-0.000719,0.018613,0.0079908,0.0030085,0.008602,0.0022816,0.016418,0.035532,0.0090258,0.037709
TSV20,0.005534,0.0049167,0.0046402,0.0076995,0.020668,0.0034561,-0.00060237,0.001796,0.016311,0.045142,0.0033071,-0.0017603,0.007153,0.034316,0.014997,0.0026564,-0.00067335,0.012053,0.008602,0.0046467,0.0087884,0.008141,0.016133,0.043576,0.011965
TSV21,0.022907,0.008858,0.0053134,0.0055668,0.0073331,0.020801,0.0024204,-0.00062756,0.00072008,0.0056184,0.038123,0.011086,-0.00016658,-0.00086942,0.0049972,0.013775,0.037318,0.011221,0.0022816,0.0087884,-0.012955,0.013328,0.037634,0.02124,0.023204
TSV22,0.008943,0.0026309,0.0033193,0.0035716,0.0056757,0.0079149,-0.00047801,-0.001508,-0.00048084,0.0050196,0.015618,0.011794,0.0066311,0.0018549,0.0046704,0.043245,0.0085217,0.034181,0.016418,0.008141,0.013328,0.0064999,0.013889,0.044339,0.020893
TSV23,0.0053778,0.003366,0.0053972,0.0033257,0.0053965,0.0048089,-0.0004992,-0.0013847,-0.00048193,0.0048184,0.0029503,0.0086576,0.012325,0.0087086,0.0029596,0.015599,0.035527,0.0078525,0.035532,0.016133,0.037634,0.013889,0.0041208,0.012614,0.037282
