Design Variation:  d_min='2um' l_tsv='50um' r_tsv='0.5um' ring_distance='0um' substrate_length='28um' t_ox='0.1um' tie_size='0um' w_dep='0.65588um'
Setup1:LastAdaptive
Problem Type:  C
C Units:farad, G Units:mSie
Reduce Matrix:  Original
Frequency:  6GHz

Capacitance Matrix
,TSV1,TSV2,TSV3,TSV4,TSV5,TSV6,TSV7,TSV8,TSV9,TSV10,TSV11,TSV12,TSV13,TSV14,TSV15,TSV16,TSV17,TSV18,TSV19,TSV20,TSV21,TSV22,TSV23,TSV24,TSV25,
TSV1,1.7583E-14,-5.0836E-15,-1.1361E-15,-6.5996E-16,-6.8553E-16,-5.0719E-15,-1.1532E-15,-7.8911E-17,-1.2299E-17,-1.6309E-16,-1.129E-15,-7.8859E-17,-6.6401E-18,-8.9203E-18,-9.1803E-17,-6.5889E-16,-8.6938E-18,-1.3169E-17,-1.3799E-17,-7.4449E-17,-6.86E-16,-1.5981E-16,-9.2449E-17,-7.7041E-17,-1.516E-16
TSV2,-5.0836E-15,1.8733E-14,-4.5916E-15,-9.1652E-16,-6.5348E-16,-1.4611E-15,-3.6594E-15,-1.0725E-15,-1.6221E-16,-1.1187E-16,-2.566E-16,-9.0891E-17,-3.6425E-17,-2.7142E-17,-8.2586E-17,-1.3226E-16,-1.4601E-18,-6.5235E-20,-9.574E-18,-5.3635E-17,-1.6066E-16,-2.978E-17,-1.689E-17,-2.1723E-17,-7.5699E-17
TSV3,-1.1361E-15,-4.5916E-15,1.8782E-14,-4.6047E-15,-1.1573E-15,-2.4903E-16,-1.0613E-15,-3.7086E-15,-1.0692E-15,-2.712E-16,-1.1226E-16,-4.4613E-17,-9.5157E-17,-5.1597E-17,-1.0915E-16,-7.8344E-17,-8.6782E-18,-2.0535E-18,-3.1657E-18,-7.54E-17,-9.6516E-17,-2.1159E-17,-1.0945E-17,-1.9315E-17,-9.6837E-17
TSV4,-6.5996E-16,-9.1652E-16,-4.6047E-15,1.8679E-14,-5.0122E-15,-1.2634E-16,-1.4765E-16,-1.0813E-15,-3.6339E-15,-1.4379E-15,-7.4475E-17,-3.0575E-17,-3.936E-17,-8.5375E-17,-2.5282E-16,-6.1687E-17,-8.3682E-18,0,-5.834E-18,-1.4349E-16,-7.7537E-17,-2.6061E-17,-1.9019E-17,-3.424E-17,-1.6234E-16
TSV5,-6.8553E-16,-6.5348E-16,-1.1573E-15,-5.0122E-15,1.7568E-14,-1.6121E-16,0,-8.5884E-17,-1.1504E-15,-5.093E-15,-9.6685E-17,-1.3074E-17,-8.0763E-18,-6.4449E-17,-1.1154E-15,-7.4543E-17,-1.5786E-17,-9.7046E-18,-1.4666E-17,-6.6493E-16,-1.4974E-16,-8.379E-17,-9.52E-17,-1.6028E-16,-6.7441E-16
TSV6,-5.0719E-15,-1.4611E-15,-2.4903E-16,-1.2634E-16,-1.6121E-16,1.8719E-14,-3.6738E-15,-8.1991E-17,0,-2.9178E-17,-4.5905E-15,-1.0714E-15,-2.4074E-17,-1.1263E-18,-1.2008E-17,-8.8022E-16,-1.6331E-16,-2.8367E-17,-7.4611E-18,-1.6377E-17,-6.6567E-16,-1.1439E-16,-8.0615E-17,-4.8092E-17,-6.7337E-17
TSV7,-1.1532E-15,-3.6594E-15,-1.0613E-15,-1.4765E-16,0,-3.6738E-15,1.9363E-14,-3.5818E-15,-1.3877E-16,0,-1.0571E-15,-3.5696E-15,-1.0349E-15,-2.3563E-17,-1.3883E-17,-1.5132E-16,-1.2857E-16,-3.5999E-17,0,-1.6174E-17,-7.8075E-18,0,-1.4599E-17,-1.2876E-17,-1.2102E-17
TSV8,-7.8911E-17,-1.0725E-15,-3.7086E-15,-1.0813E-15,-8.5884E-17,-8.1991E-17,-3.5818E-15,1.9341E-14,-3.5868E-15,-1.0381E-16,-3.7154E-17,-1.0399E-15,-3.596E-15,-1.0381E-15,-3.9645E-17,-4.1101E-17,-3.9901E-17,-7.1702E-17,-5.7175E-17,-2.2129E-17,-2.3972E-17,-2.0988E-17,-8.4556E-18,0,-5.4718E-19
TSV9,-1.2299E-17,-1.6221E-16,-1.0692E-15,-3.6339E-15,-1.1504E-15,0,-1.3877E-16,-3.5868E-15,1.9271E-14,-3.6384E-15,-3.468E-18,-4.0071E-17,-1.0457E-15,-3.5003E-15,-1.0609E-15,-9.6012E-18,0,-5.2774E-17,-1.111E-16,-1.3733E-16,-1.9159E-17,-2.0362E-17,-2.5727E-18,-1.3903E-17,-1.3821E-17
TSV10,-1.6309E-16,-1.1187E-16,-2.712E-16,-1.4379E-15,-5.093E-15,-2.9178E-17,0,-1.0381E-16,-3.6384E-15,1.8701E-14,-1.9718E-17,-2.1365E-17,-3.6659E-17,-1.0428E-15,-4.6043E-15,-2.0785E-17,-2.4007E-17,-2.3287E-17,-1.3831E-16,-8.8232E-16,-7.9782E-17,-4.7737E-17,-6.4057E-17,-1.3059E-16,-6.6689E-16
TSV11,-1.129E-15,-2.566E-16,-1.1226E-16,-7.4475E-17,-9.6685E-17,-4.5905E-15,-1.0571E-15,-3.7154E-17,-3.468E-18,-1.9718E-17,1.8646E-14,-3.6994E-15,-9.2051E-17,-1.0484E-19,-6.3841E-18,-4.5667E-15,-1.0613E-15,-4.4101E-17,-5.3354E-18,-1.7343E-17,-1.1451E-15,-2.6166E-16,-1.0177E-16,-7.3294E-17,-9.1062E-17
TSV12,-7.8859E-17,-9.0891E-17,-4.4613E-17,-3.0575E-17,-1.3074E-17,-1.0714E-15,-3.5696E-15,-1.0399E-15,-4.0071E-17,-2.1365E-17,-3.6994E-15,1.9228E-14,-3.5705E-15,-8.3182E-17,-1.057E-17,-1.0791E-15,-3.5465E-15,-1.0458E-15,-4.4131E-17,-4.7893E-18,-8.4707E-17,-9.6706E-17,-3.5022E-17,-1.7023E-17,-2.263E-18
TSV13,-6.6401E-18,-3.6425E-17,-9.5157E-17,-3.936E-17,-8.0763E-18,-2.4074E-17,-1.0349E-15,-3.596E-15,-1.0457E-15,-3.6659E-17,-9.2051E-17,-3.5705E-15,1.9213E-14,-3.5616E-15,-1.0939E-16,-2.6814E-17,-1.0492E-15,-3.5878E-15,-1.0306E-15,-4.1395E-17,-4.7457E-18,-3.497E-17,-9.7175E-17,-4.5769E-17,-2.0313E-17
TSV14,-8.9203E-18,-2.7142E-17,-5.1597E-17,-8.5375E-17,-6.4449E-17,-1.1263E-18,-2.3563E-17,-1.0381E-15,-3.5003E-15,-1.0428E-15,-1.0484E-19,-8.3182E-17,-3.5616E-15,1.9015E-14,-3.6376E-15,-1.0162E-18,-3.472E-17,-1.0582E-15,-3.5153E-15,-1.068E-15,-9.909E-18,-1.4833E-17,-5.0416E-17,-1.0025E-16,-7.7745E-17
TSV15,-9.1803E-17,-8.2586E-17,-1.0915E-16,-2.5282E-16,-1.1154E-15,-1.2008E-17,-1.3883E-17,-3.9645E-17,-1.0609E-15,-4.6043E-15,-6.3841E-18,-1.057E-17,-1.0939E-16,-3.6376E-15,1.8554E-14,-1.2939E-17,-1.1027E-18,-5.4033E-17,-1.0557E-15,-4.5336E-15,-8.8673E-17,-6.5457E-17,-1.2054E-16,-2.5709E-16,-1.1249E-15
TSV16,-6.5889E-16,-1.3226E-16,-7.8344E-17,-6.1687E-17,-7.4543E-17,-8.8022E-16,-1.5132E-16,-4.1101E-17,-9.6012E-18,-2.0785E-17,-4.5667E-15,-1.0791E-15,-2.6814E-17,-1.0162E-18,-1.2939E-17,1.8549E-14,-3.6069E-15,-7.5035E-17,-2.6967E-18,-2.8335E-17,-4.9768E-15,-1.4479E-15,-2.3958E-16,-1.2789E-16,-1.5336E-16
TSV17,-8.6938E-18,-1.4601E-18,-8.6782E-18,-8.3682E-18,-1.5786E-17,-1.6331E-16,-1.2857E-16,-3.9901E-17,0,-2.4007E-17,-1.0613E-15,-3.5465E-15,-1.0492E-15,-3.472E-17,-1.1027E-18,-3.6069E-15,1.9163E-14,-3.5092E-15,-1.2414E-16,-1.2647E-17,-1.1585E-15,-3.6026E-15,-1.0564E-15,-1.3572E-16,-1.236E-17
TSV18,-1.3169E-17,-6.5235E-20,-2.0535E-18,0,-9.7046E-18,-2.8367E-17,-3.5999E-17,-7.1702E-17,-5.2774E-17,-2.3287E-17,-4.4101E-17,-1.0458E-15,-3.5878E-15,-1.0582E-15,-5.4033E-17,-7.5035E-17,-3.5092E-15,1.914E-14,-3.5068E-15,-1.0223E-16,-6.6474E-17,-1.0632E-15,-3.6513E-15,-1.0646E-15,-8.9455E-17
TSV19,-1.3799E-17,-9.574E-18,-3.1657E-18,-5.834E-18,-1.4666E-17,-7.4611E-18,0,-5.7175E-17,-1.111E-16,-1.3831E-16,-5.3354E-18,-4.4131E-17,-1.0306E-15,-3.5153E-15,-1.0557E-15,-2.6967E-18,-1.2414E-16,-3.5068E-15,1.9103E-14,-3.6156E-15,-1.3838E-17,-1.4005E-16,-1.0693E-15,-3.5836E-15,-1.1452E-15
TSV20,-7.4449E-17,-5.3635E-17,-7.54E-17,-1.4349E-16,-6.6493E-16,-1.6377E-17,-1.6174E-17,-2.2129E-17,-1.3733E-16,-8.8232E-16,-1.7343E-17,-4.7893E-18,-4.1395E-17,-1.068E-15,-4.5336E-15,-2.8335E-17,-1.2647E-17,-1.0223E-16,-3.6156E-15,1.862E-14,-1.5455E-16,-1.2036E-16,-2.6133E-16,-1.4269E-15,-5.0121E-15
TSV21,-6.86E-16,-1.6066E-16,-9.6516E-17,-7.7537E-17,-1.4974E-16,-6.6567E-16,-7.8075E-18,-2.3972E-17,-1.9159E-17,-7.9782E-17,-1.1451E-15,-8.4707E-17,-4.7457E-18,-9.909E-18,-8.8673E-17,-4.9768E-15,-1.1585E-15,-6.6474E-17,-1.3838E-17,-1.5455E-16,1.7414E-14,-5.0069E-15,-1.1125E-15,-6.6377E-16,-6.6972E-16
TSV22,-1.5981E-16,-2.978E-17,-2.1159E-17,-2.6061E-17,-8.379E-17,-1.1439E-16,0,-2.0988E-17,-2.0362E-17,-4.7737E-17,-2.6166E-16,-9.6706E-17,-3.497E-17,-1.4833E-17,-6.5457E-17,-1.4479E-15,-3.6026E-15,-1.0632E-15,-1.4005E-16,-1.2036E-16,-5.0069E-15,1.8496E-14,-4.5301E-15,-8.8611E-16,-6.6391E-16
TSV23,-9.2449E-17,-1.689E-17,-1.0945E-17,-1.9019E-17,-9.52E-17,-8.0615E-17,-1.4599E-17,-8.4556E-18,-2.5727E-18,-6.4057E-17,-1.0177E-16,-3.5022E-17,-9.7175E-17,-5.0416E-17,-1.2054E-16,-2.3958E-16,-1.0564E-15,-3.6513E-15,-1.0693E-15,-2.6133E-16,-1.1125E-15,-4.5301E-15,1.8536E-14,-4.5244E-15,-1.1465E-15
TSV24,-7.7041E-17,-2.1723E-17,-1.9315E-17,-3.424E-17,-1.6028E-16,-4.8092E-17,-1.2876E-17,0,-1.3903E-17,-1.3059E-16,-7.3294E-17,-1.7023E-17,-4.5769E-17,-1.0025E-16,-2.5709E-16,-1.2789E-16,-1.3572E-16,-1.0646E-15,-3.5836E-15,-1.4269E-15,-6.6377E-16,-8.8611E-16,-4.5244E-15,1.8455E-14,-4.9816E-15
TSV25,-1.516E-16,-7.5699E-17,-9.6837E-17,-1.6234E-16,-6.7441E-16,-6.7337E-17,-1.2102E-17,-5.4718E-19,-1.3821E-17,-6.6689E-16,-9.1062E-17,-2.263E-18,-2.0313E-17,-7.7745E-17,-1.1249E-15,-1.5336E-16,-1.236E-17,-8.9455E-17,-1.1452E-15,-5.0121E-15,-6.6972E-16,-6.6391E-16,-1.1465E-15,-4.9816E-15,1.7447E-14

Capacitance Matrix Coupling Coefficient
,TSV1,TSV2,TSV3,TSV4,TSV5,TSV6,TSV7,TSV8,TSV9,TSV10,TSV11,TSV12,TSV13,TSV14,TSV15,TSV16,TSV17,TSV18,TSV19,TSV20,TSV21,TSV22,TSV23,TSV24,TSV25,
TSV1,1,0.2801,0.06252,0.036417,0.039005,0.27957,0.062499,0.0042791,0.00066812,0.0089938,0.062351,0.0042889,0.00036127,0.00048786,0.0050826,0.036484,0.00047363,0.00071789,0.00075291,0.0041146,0.039204,0.008862,0.005121,0.0042768,0.0086559
TSV2,0.2801,1,0.24479,0.048996,0.036021,0.078023,0.19214,0.056342,0.008537,0.005977,0.01373,0.0047891,0.00192,0.0014381,0.0044297,0.007095,7.7064E-05,3.4452E-06,0.0005061,0.0028718,0.0088951,0.0015998,0.00090639,0.0011683,0.0041873
TSV3,0.06252,0.24479,1,0.24584,0.063709,0.013282,0.055654,0.19458,0.056197,0.014471,0.0059988,0.0023477,0.0050093,0.0027303,0.0058473,0.0041973,0.00045744,0.00010831,0.00016713,0.004032,0.0053369,0.0011352,0.00058663,0.0010374,0.0053496
TSV4,0.036417,0.048996,0.24584,1,0.27669,0.0067566,0.0077636,0.056889,0.19153,0.076932,0.0039907,0.0016133,0.0020777,0.0045301,0.01358,0.003314,0.00044231,0,0.00030884,0.0076941,0.0042992,0.0014021,0.0010221,0.0018442,0.0089928
TSV5,0.039005,0.036021,0.063709,0.27669,1,0.0088896,0,0.0046592,0.06252,0.28098,0.005342,0.00071134,0.00043959,0.0035262,0.061779,0.0041293,0.00086034,0.00052923,0.00080056,0.036764,0.0085609,0.0046483,0.0052756,0.0089012,0.038522
TSV6,0.27957,0.078023,0.013282,0.0067566,0.0088896,1,0.19297,0.0043091,0,0.0015595,0.24572,0.056477,0.0012694,5.9699E-05,0.00064432,0.047238,0.0086228,0.0014987,0.00039456,0.00087723,0.03687,0.0061475,0.0043279,0.0025875,0.0037262
TSV7,0.062499,0.19214,0.055654,0.0077636,0,0.19297,1,0.18509,0.0071838,0,0.055634,0.185,0.053653,0.001228,0.00073242,0.0079844,0.0066747,0.00187,0,0.00085183,0.00042518,0,0.00077059,0.00068116,0.00065846
TSV8,0.0042791,0.056342,0.19458,0.056889,0.0046592,0.0043091,0.18509,1,0.18578,0.0054584,0.0019564,0.053927,0.18654,0.05413,0.0020928,0.0021699,0.0020726,0.0037267,0.0029745,0.0011661,0.0013062,0.0011097,0.00044658,0,2.9787E-05
TSV9,0.00066812,0.008537,0.056197,0.19153,0.06252,0,0.0071838,0.18578,1,0.19165,0.00018295,0.0020816,0.054344,0.18285,0.056104,0.00050781,0,0.0027479,0.0057901,0.0072496,0.0010458,0.0010785,0.00013612,0.00073723,0.00075378
TSV10,0.0089938,0.005977,0.014471,0.076932,0.28098,0.0015595,0,0.0054584,0.19165,1,0.0010559,0.0011267,0.001934,0.055302,0.24718,0.001116,0.0012682,0.0012309,0.0073173,0.047283,0.004421,0.0025667,0.0034405,0.0070294,0.03692
TSV11,0.062351,0.01373,0.0059988,0.0039907,0.005342,0.24572,0.055634,0.0019564,0.00018295,0.0010559,1,0.19538,0.0048634,5.5677E-06,0.00034323,0.24556,0.056148,0.0023345,0.0002827,0.00093076,0.063547,0.01409,0.0054744,0.0039511,0.0050489
TSV12,0.0042889,0.0047891,0.0023477,0.0016133,0.00071134,0.056477,0.185,0.053927,0.0020816,0.0011267,0.19538,1,0.18577,0.0043503,0.0005596,0.057138,0.18476,0.054514,0.0023027,0.00025312,0.0046293,0.005128,0.0018551,0.00090366,0.00012356
TSV13,0.00036127,0.00192,0.0050093,0.0020777,0.00043959,0.0012694,0.053653,0.18654,0.054344,0.001934,0.0048634,0.18577,1,0.18634,0.0057937,0.0014204,0.054678,0.1871,0.053796,0.0021886,0.00025945,0.001855,0.0051493,0.0024306,0.0011095
TSV14,0.00048786,0.0014381,0.0027303,0.0045301,0.0035262,5.9699E-05,0.001228,0.05413,0.18285,0.055302,5.5677E-06,0.0043503,0.18634,1,0.19366,5.4109E-05,0.0018189,0.055471,0.18445,0.056761,0.00054455,0.00079093,0.0026855,0.0053514,0.0042685
TSV15,0.0050826,0.0044297,0.0058473,0.01358,0.061779,0.00064432,0.00073242,0.0020928,0.056104,0.24718,0.00034323,0.0005596,0.0057937,0.19366,1,0.00069743,5.8477E-05,0.0028673,0.056076,0.24391,0.0049331,0.0035334,0.0064998,0.013893,0.062521
TSV16,0.036484,0.007095,0.0041973,0.003314,0.0041293,0.047238,0.0079844,0.0021699,0.00050781,0.001116,0.24556,0.057138,0.0014204,5.4109E-05,0.00069743,1,0.19131,0.0039823,0.00014326,0.0015247,0.27691,0.078167,0.01292,0.0069121,0.0085248
TSV17,0.00047363,7.7064E-05,0.00045744,0.00044231,0.00086034,0.0086228,0.0066747,0.0020726,0,0.0012682,0.056148,0.18476,0.054678,0.0018189,5.8477E-05,0.19131,1,0.18323,0.0064885,0.00066952,0.063417,0.19136,0.056053,0.007217,0.00067599
TSV18,0.00071789,3.4452E-06,0.00010831,0,0.00052923,0.0014987,0.00187,0.0037267,0.0027479,0.0012309,0.0023345,0.054514,0.1871,0.055471,0.0028673,0.0039823,0.18323,1,0.1834,0.0054153,0.0036411,0.05651,0.19386,0.056648,0.0048954
TSV19,0.00075291,0.0005061,0.00016713,0.00030884,0.00080056,0.00039456,0,0.0029745,0.0057901,0.0073173,0.0002827,0.0023027,0.053796,0.18445,0.056076,0.00014326,0.0064885,0.1834,1,0.19171,0.00075871,0.0074507,0.056824,0.19086,0.062728
TSV20,0.0041146,0.0028718,0.004032,0.0076941,0.036764,0.00087723,0.00085183,0.0011661,0.0072496,0.047283,0.00093076,0.00025312,0.0021886,0.056761,0.24391,0.0015247,0.00066952,0.0054153,0.19171,1,0.0085831,0.0064856,0.014067,0.076977,0.27809
TSV21,0.039204,0.0088951,0.0053369,0.0042992,0.0085609,0.03687,0.00042518,0.0013062,0.0010458,0.004421,0.063547,0.0046293,0.00025945,0.00054455,0.0049331,0.27691,0.063417,0.0036411,0.00075871,0.0085831,1,0.27898,0.061925,0.037027,0.038423
TSV22,0.008862,0.0015998,0.0011352,0.0014021,0.0046483,0.0061475,0,0.0011097,0.0010785,0.0025667,0.01409,0.005128,0.001855,0.00079093,0.0035334,0.078167,0.19136,0.05651,0.0074507,0.0064856,0.27898,1,0.24466,0.047961,0.036958
TSV23,0.005121,0.00090639,0.00058663,0.0010221,0.0052756,0.0043279,0.00077059,0.00044658,0.00013612,0.0034405,0.0054744,0.0018551,0.0051493,0.0026855,0.0064998,0.01292,0.056053,0.19386,0.056824,0.014067,0.061925,0.24466,1,0.24462,0.063756
TSV24,0.0042768,0.0011683,0.0010374,0.0018442,0.0089012,0.0025875,0.00068116,0,0.00073723,0.0070294,0.0039511,0.00090366,0.0024306,0.0053514,0.013893,0.0069121,0.007217,0.056648,0.19086,0.076977,0.037027,0.047961,0.24462,1,0.27762
TSV25,0.0086559,0.0041873,0.0053496,0.0089928,0.038522,0.0037262,0.00065846,2.9787E-05,0.00075378,0.03692,0.0050489,0.00012356,0.0011095,0.0042685,0.062521,0.0085248,0.00067599,0.0048954,0.062728,0.27809,0.038423,0.036958,0.063756,0.27762,1

Spice Capacitance Matrix
,TSV1,TSV2,TSV3,TSV4,TSV5,TSV6,TSV7,TSV8,TSV9,TSV10,TSV11,TSV12,TSV13,TSV14,TSV15,TSV16,TSV17,TSV18,TSV19,TSV20,TSV21,TSV22,TSV23,TSV24,TSV25,
TSV1,2.8711E-16,5.0836E-15,1.1361E-15,6.5996E-16,6.8553E-16,5.0719E-15,1.1532E-15,7.8911E-17,1.2299E-17,1.6309E-16,1.129E-15,7.8859E-17,6.6401E-18,8.9203E-18,9.1803E-17,6.5889E-16,8.6938E-18,1.3169E-17,1.3799E-17,7.4449E-17,6.86E-16,1.5981E-16,9.2449E-17,7.7041E-17,1.516E-16
TSV2,5.0836E-15,2.5609E-17,4.5916E-15,9.1652E-16,6.5348E-16,1.4611E-15,3.6594E-15,1.0725E-15,1.6221E-16,1.1187E-16,2.566E-16,9.0891E-17,3.6425E-17,2.7142E-17,8.2586E-17,1.3226E-16,1.4601E-18,6.5235E-20,9.574E-18,5.3635E-17,1.6066E-16,2.978E-17,1.689E-17,2.1723E-17,7.5699E-17
TSV3,1.1361E-15,4.5916E-15,1.0742E-16,4.6047E-15,1.1573E-15,2.4903E-16,1.0613E-15,3.7086E-15,1.0692E-15,2.712E-16,1.1226E-16,4.4613E-17,9.5157E-17,5.1597E-17,1.0915E-16,7.8344E-17,8.6782E-18,2.0535E-18,3.1657E-18,7.54E-17,9.6516E-17,2.1159E-17,1.0945E-17,1.9315E-17,9.6837E-17
TSV4,6.5996E-16,9.1652E-16,4.6047E-15,3.7109E-17,5.0122E-15,1.2634E-16,1.4765E-16,1.0813E-15,3.6339E-15,1.4379E-15,7.4475E-17,3.0575E-17,3.936E-17,8.5375E-17,2.5282E-16,6.1687E-17,8.3682E-18,-0,5.834E-18,1.4349E-16,7.7537E-17,2.6061E-17,1.9019E-17,3.424E-17,1.6234E-16
TSV5,6.8553E-16,6.5348E-16,1.1573E-15,5.0122E-15,3.2859E-16,1.6121E-16,-0,8.5884E-17,1.1504E-15,5.093E-15,9.6685E-17,1.3074E-17,8.0763E-18,6.4449E-17,1.1154E-15,7.4543E-17,1.5786E-17,9.7046E-18,1.4666E-17,6.6493E-16,1.4974E-16,8.379E-17,9.52E-17,1.6028E-16,6.7441E-16
TSV6,5.0719E-15,1.4611E-15,2.4903E-16,1.2634E-16,1.6121E-16,9.3172E-17,3.6738E-15,8.1991E-17,-0,2.9178E-17,4.5905E-15,1.0714E-15,2.4074E-17,1.1263E-18,1.2008E-17,8.8022E-16,1.6331E-16,2.8367E-17,7.4611E-18,1.6377E-17,6.6567E-16,1.1439E-16,8.0615E-17,4.8092E-17,6.7337E-17
TSV7,1.1532E-15,3.6594E-15,1.0613E-15,1.4765E-16,-0,3.6738E-15,-1.3129E-16,3.5818E-15,1.3877E-16,-0,1.0571E-15,3.5696E-15,1.0349E-15,2.3563E-17,1.3883E-17,1.5132E-16,1.2857E-16,3.5999E-17,-0,1.6174E-17,7.8075E-18,-0,1.4599E-17,1.2876E-17,1.2102E-17
TSV8,7.8911E-17,1.0725E-15,3.7086E-15,1.0813E-15,8.5884E-17,8.1991E-17,3.5818E-15,-7.7072E-17,3.5868E-15,1.0381E-16,3.7154E-17,1.0399E-15,3.596E-15,1.0381E-15,3.9645E-17,4.1101E-17,3.9901E-17,7.1702E-17,5.7175E-17,2.2129E-17,2.3972E-17,2.0988E-17,8.4556E-18,-0,5.4718E-19
TSV9,1.2299E-17,1.6221E-16,1.0692E-15,3.6339E-15,1.1504E-15,-0,1.3877E-16,3.5868E-15,-1.516E-16,3.6384E-15,3.468E-18,4.0071E-17,1.0457E-15,3.5003E-15,1.0609E-15,9.6012E-18,-0,5.2774E-17,1.111E-16,1.3733E-16,1.9159E-17,2.0362E-17,2.5727E-18,1.3903E-17,1.3821E-17
TSV10,1.6309E-16,1.1187E-16,2.712E-16,1.4379E-15,5.093E-15,2.9178E-17,-0,1.0381E-16,3.6384E-15,5.0348E-17,1.9718E-17,2.1365E-17,3.6659E-17,1.0428E-15,4.6043E-15,2.0785E-17,2.4007E-17,2.3287E-17,1.3831E-16,8.8232E-16,7.9782E-17,4.7737E-17,6.4057E-17,1.3059E-16,6.6689E-16
TSV11,1.129E-15,2.566E-16,1.1226E-16,7.4475E-17,9.6685E-17,4.5905E-15,1.0571E-15,3.7154E-17,3.468E-18,1.9718E-17,1.0325E-16,3.6994E-15,9.2051E-17,1.0484E-19,6.3841E-18,4.5667E-15,1.0613E-15,4.4101E-17,5.3354E-18,1.7343E-17,1.1451E-15,2.6166E-16,1.0177E-16,7.3294E-17,9.1062E-17
TSV12,7.8859E-17,9.0891E-17,4.4613E-17,3.0575E-17,1.3074E-17,1.0714E-15,3.5696E-15,1.0399E-15,4.0071E-17,2.1365E-17,3.6994E-15,-9.2431E-17,3.5705E-15,8.3182E-17,1.057E-17,1.0791E-15,3.5465E-15,1.0458E-15,4.4131E-17,4.7893E-18,8.4707E-17,9.6706E-17,3.5022E-17,1.7023E-17,2.263E-18
TSV13,6.6401E-18,3.6425E-17,9.5157E-17,3.936E-17,8.0763E-18,2.4074E-17,1.0349E-15,3.596E-15,1.0457E-15,3.6659E-17,9.2051E-17,3.5705E-15,1.7968E-17,3.5616E-15,1.0939E-16,2.6814E-17,1.0492E-15,3.5878E-15,1.0306E-15,4.1395E-17,4.7457E-18,3.497E-17,9.7175E-17,4.5769E-17,2.0313E-17
TSV14,8.9203E-18,2.7142E-17,5.1597E-17,8.5375E-17,6.4449E-17,1.1263E-18,2.3563E-17,1.0381E-15,3.5003E-15,1.0428E-15,1.0484E-19,8.3182E-17,3.5616E-15,-4.1619E-17,3.6376E-15,1.0162E-18,3.472E-17,1.0582E-15,3.5153E-15,1.068E-15,9.909E-18,1.4833E-17,5.0416E-17,1.0025E-16,7.7745E-17
TSV15,9.1803E-17,8.2586E-17,1.0915E-16,2.5282E-16,1.1154E-15,1.2008E-17,1.3883E-17,3.9645E-17,1.0609E-15,4.6043E-15,6.3841E-18,1.057E-17,1.0939E-16,3.6376E-15,9.3926E-17,1.2939E-17,1.1027E-18,5.4033E-17,1.0557E-15,4.5336E-15,8.8673E-17,6.5457E-17,1.2054E-16,2.5709E-16,1.1249E-15
TSV16,6.5889E-16,1.3226E-16,7.8344E-17,6.1687E-17,7.4543E-17,8.8022E-16,1.5132E-16,4.1101E-17,9.6012E-18,2.0785E-17,4.5667E-15,1.0791E-15,2.6814E-17,1.0162E-18,1.2939E-17,9.5732E-17,3.6069E-15,7.5035E-17,2.6967E-18,2.8335E-17,4.9768E-15,1.4479E-15,2.3958E-16,1.2789E-16,1.5336E-16
TSV17,8.6938E-18,1.4601E-18,8.6782E-18,8.3682E-18,1.5786E-17,1.6331E-16,1.2857E-16,3.9901E-17,-0,2.4007E-17,1.0613E-15,3.5465E-15,1.0492E-15,3.472E-17,1.1027E-18,3.6069E-15,-1.4702E-16,3.5092E-15,1.2414E-16,1.2647E-17,1.1585E-15,3.6026E-15,1.0564E-15,1.3572E-16,1.236E-17
TSV18,1.3169E-17,6.5235E-20,2.0535E-18,-0,9.7046E-18,2.8367E-17,3.5999E-17,7.1702E-17,5.2774E-17,2.3287E-17,4.4101E-17,1.0458E-15,3.5878E-15,1.0582E-15,5.4033E-17,7.5035E-17,3.5092E-15,-1.5886E-17,3.5068E-15,1.0223E-16,6.6474E-17,1.0632E-15,3.6513E-15,1.0646E-15,8.9455E-17
TSV19,1.3799E-17,9.574E-18,3.1657E-18,5.834E-18,1.4666E-17,7.4611E-18,-0,5.7175E-17,1.111E-16,1.3831E-16,5.3354E-18,4.4131E-17,1.0306E-15,3.5153E-15,1.0557E-15,2.6967E-18,1.2414E-16,3.5068E-15,-1.103E-16,3.6156E-15,1.3838E-17,1.4005E-16,1.0693E-15,3.5836E-15,1.1452E-15
TSV20,7.4449E-17,5.3635E-17,7.54E-17,1.4349E-16,6.6493E-16,1.6377E-17,1.6174E-17,2.2129E-17,1.3733E-16,8.8232E-16,1.7343E-17,4.7893E-18,4.1395E-17,1.068E-15,4.5336E-15,2.8335E-17,1.2647E-17,1.0223E-16,3.6156E-15,1.3419E-16,1.5455E-16,1.2036E-16,2.6133E-16,1.4269E-15,5.0121E-15
TSV21,6.86E-16,1.6066E-16,9.6516E-17,7.7537E-17,1.4974E-16,6.6567E-16,7.8075E-18,2.3972E-17,1.9159E-17,7.9782E-17,1.1451E-15,8.4707E-17,4.7457E-18,9.909E-18,8.8673E-17,4.9768E-15,1.1585E-15,6.6474E-17,1.3838E-17,1.5455E-16,2.9091E-16,5.0069E-15,1.1125E-15,6.6377E-16,6.6972E-16
TSV22,1.5981E-16,2.978E-17,2.1159E-17,2.6061E-17,8.379E-17,1.1439E-16,-0,2.0988E-17,2.0362E-17,4.7737E-17,2.6166E-16,9.6706E-17,3.497E-17,1.4833E-17,6.5457E-17,1.4479E-15,3.6026E-15,1.0632E-15,1.4005E-16,1.2036E-16,5.0069E-15,3.7307E-17,4.5301E-15,8.8611E-16,6.6391E-16
TSV23,9.2449E-17,1.689E-17,1.0945E-17,1.9019E-17,9.52E-17,8.0615E-17,1.4599E-17,8.4556E-18,2.5727E-18,6.4057E-17,1.0177E-16,3.5022E-17,9.7175E-17,5.0416E-17,1.2054E-16,2.3958E-16,1.0564E-15,3.6513E-15,1.0693E-15,2.6133E-16,1.1125E-15,4.5301E-15,1.3448E-16,4.5244E-15,1.1465E-15
TSV24,7.7041E-17,2.1723E-17,1.9315E-17,3.424E-17,1.6028E-16,4.8092E-17,1.2876E-17,-0,1.3903E-17,1.3059E-16,7.3294E-17,1.7023E-17,4.5769E-17,1.0025E-16,2.5709E-16,1.2789E-16,1.3572E-16,1.0646E-15,3.5836E-15,1.4269E-15,6.6377E-16,8.8611E-16,4.5244E-15,4.9103E-17,4.9816E-15
TSV25,1.516E-16,7.5699E-17,9.6837E-17,1.6234E-16,6.7441E-16,6.7337E-17,1.2102E-17,5.4718E-19,1.3821E-17,6.6689E-16,9.1062E-17,2.263E-18,2.0313E-17,7.7745E-17,1.1249E-15,1.5336E-16,1.236E-17,8.9455E-17,1.1452E-15,5.0121E-15,6.6972E-16,6.6391E-16,1.1465E-15,4.9816E-15,3.3446E-16

Conductance Matrix
,TSV1,TSV2,TSV3,TSV4,TSV5,TSV6,TSV7,TSV8,TSV9,TSV10,TSV11,TSV12,TSV13,TSV14,TSV15,TSV16,TSV17,TSV18,TSV19,TSV20,TSV21,TSV22,TSV23,TSV24,TSV25,
TSV1,0.11201,0.014871,-0.010828,-0.012784,-0.015788,0.015313,-0.0016285,-0.00012311,-0.00069162,-0.0078698,-0.011002,-0.00088522,0.00053119,-0.00017213,-0.0067852,-0.013246,-0.00049486,0.00012573,-0.00014426,-0.0062289,-0.016676,-0.0077874,-0.0064712,-0.0060183,-0.010134
TSV2,0.014871,0.057122,0.015523,-0.0091179,-0.012688,-0.009518,0.0007678,-0.0012821,-0.0010638,-0.0061947,-0.0076858,-0.00040733,0.00014923,-9.0715E-05,-0.0052776,-0.0063285,-4.8421E-05,9.3885E-05,-4.5345E-05,-0.0041246,-0.0074127,-0.0029427,-0.0025742,-0.002676,-0.0055221
TSV3,-0.010828,0.015523,0.058767,0.015449,-0.010435,-0.0071741,-0.0015226,0.0009623,-0.0015962,-0.0074143,-0.005947,-0.00024977,2.6599E-05,-0.00010614,-0.0059539,-0.0052027,4.6361E-06,4.3899E-05,-3.7341E-05,-0.0053743,-0.0067771,-0.0030674,-0.0027626,-0.0029964,-0.0068719
TSV4,-0.012784,-0.0091179,0.015449,0.056652,0.01556,-0.0057483,-0.00096559,-0.001315,0.00074569,-0.0085556,-0.0047876,-0.00022802,7.1859E-05,-0.00013024,-0.006885,-0.0042196,3.281E-05,4.873E-05,-6.7951E-05,-0.0060964,-0.0057871,-0.0028409,-0.0028069,-0.0031955,-0.0073641
TSV5,-0.015788,-0.012688,-0.010435,0.01556,0.10959,-0.0074634,-0.00035878,-0.00030398,-0.0013878,0.014662,-0.0067933,-0.00062996,0.00020465,-0.00018963,-0.010736,-0.0062371,9.4669E-05,-0.00018377,-0.00029213,-0.01299,-0.010209,-0.0056378,-0.0068742,-0.0078413,-0.016657
TSV6,0.015313,-0.009518,-0.0071741,-0.0057483,-0.0074634,0.056161,0.00051245,0.00044745,-0.00019245,-0.0032227,0.014082,-0.0019324,0.00076199,-2.4651E-05,-0.0027348,-0.0081971,-0.00092375,0.00031281,-8.7372E-05,-0.0028569,-0.014023,-0.0067437,-0.0052657,-0.0040667,-0.005809
TSV7,-0.0016285,0.0007678,-0.0015226,-0.00096559,-0.00035878,0.00051245,0.0076595,0.00018938,-0.00032287,-0.000324,-0.0016849,0.00016922,-0.0015775,-0.00011158,-0.0011542,-0.00055603,-0.00029063,-0.00011494,-4.3546E-05,-0.0012975,8.9314E-05,-9.8712E-05,-0.00096939,-0.0011368,-0.0017025
TSV8,-0.00012311,-0.0012821,0.0009623,-0.001315,-0.00030398,0.00044745,0.00018938,0.0076522,0.00016358,0.00012334,0.00058969,-0.0015879,0.00014653,-0.0015385,0.00055245,0.00017005,-8.7318E-05,-0.00020787,-0.00011384,0.00034763,-0.0007431,-0.00068408,-0.00029799,0.00035707,0.00083565
TSV9,-0.00069162,-0.0010638,-0.0015962,0.00074569,-0.0013878,-0.00019245,-0.00032287,0.00016358,0.0076213,0.00074651,-0.0002559,-9.8153E-05,-0.0015778,0.00024418,-0.0016096,-0.00021146,4.1252E-05,-0.00013591,-0.0002645,-0.00070811,-0.00012407,5.6116E-05,-0.00018183,-0.00074108,-0.00097791
TSV10,-0.0078698,-0.0061947,-0.0074143,-0.0085556,0.014662,-0.0032227,-0.000324,0.00012334,0.00074651,0.056221,-0.0031285,-0.00061928,0.00026771,-0.0012708,0.014421,-0.00311,4.6423E-05,-9.7311E-05,-0.0004923,-0.0076807,-0.0057336,-0.0024236,-0.0039702,-0.0056017,-0.013032
TSV11,-0.011002,-0.0076858,-0.005947,-0.0047876,-0.0067933,0.014082,-0.0016849,0.00058969,-0.0002559,-0.0031285,0.055361,0.00027073,0.00082368,-3.9087E-05,-0.0027668,0.014156,-0.001975,0.00077099,-0.00017937,-0.0030992,-0.011298,-0.0076199,-0.0054566,-0.0049962,-0.0068812
TSV12,-0.00088522,-0.00040733,-0.00024977,-0.00022802,-0.00062996,-0.0019324,0.00016922,-0.0015879,-9.8153E-05,-0.00061928,0.00027073,0.0075716,0.00015388,-0.00019389,-0.00026323,-0.0019828,0.00015916,-0.0015488,-9.5523E-05,0.00036459,-0.00067879,0.00026276,0.00073259,0.00042186,0.00086667
TSV13,0.00053119,0.00014923,2.6599E-05,7.1859E-05,0.00020465,0.00076199,-0.0015775,0.00014653,-0.0015778,0.00026771,0.00082368,0.00015388,0.0075731,0.00013176,0.00016232,0.00078563,-0.0015874,0.00013915,-0.0015881,0.00015057,0.0010088,0.00070227,0.00063423,0.00044624,-2.1283E-05
TSV14,-0.00017213,-9.0715E-05,-0.00010614,-0.00013024,-0.00018963,-2.4651E-05,-0.00011158,-0.0015385,0.00024418,-0.0012708,-3.9087E-05,-0.00019389,0.00013176,0.0074631,0.00096599,-3.5035E-05,-0.00011265,-0.0015814,0.00020953,-0.0013107,-0.00027296,-0.00012568,3.9597E-06,0.00017318,-0.00029314
TSV15,-0.0067852,-0.0052776,-0.0059539,-0.006885,-0.010736,-0.0027348,-0.0011542,0.00055245,-0.0016096,0.014421,-0.0027668,-0.00026323,0.00016232,0.00096599,0.054552,-0.0031071,-0.00018467,-6.8723E-05,-0.0014412,0.014271,-0.0070709,-0.0040901,-0.0069917,-0.0076669,-0.011737
TSV16,-0.013246,-0.0063285,-0.0052027,-0.0042196,-0.0062371,-0.0081971,-0.00055603,0.00017005,-0.00021146,-0.00311,0.014156,-0.0019828,0.00078563,-3.5035E-05,-0.0031071,0.056051,0.0001752,0.00080675,-0.00015726,-0.0036035,0.014935,-0.0098698,-0.0069965,-0.0063473,-0.0081944
TSV17,-0.00049486,-4.8421E-05,4.6361E-06,3.281E-05,9.4669E-05,-0.00092375,-0.00029063,-8.7318E-05,4.1252E-05,4.6423E-05,-0.001975,0.00015916,-0.0015874,-0.00011265,-0.00018467,0.0001752,0.0076174,0.00021936,-0.00028292,-0.00072966,-0.0020706,0.00050963,-0.0016624,-0.00068127,-0.00091634
TSV18,0.00012573,9.3885E-05,4.3899E-05,4.873E-05,-0.00018377,0.00031281,-0.00011494,-0.00020787,-0.00013591,-9.7311E-05,0.00077099,-0.0015488,0.00013915,-0.0015814,-6.8723E-05,0.00080675,0.00021936,0.0076342,0.00014988,-3.5362E-05,0.00019385,-0.001409,0.00077635,-0.0015741,-0.0007547
TSV19,-0.00014426,-4.5345E-05,-3.7341E-05,-6.7951E-05,-0.00029213,-8.7372E-05,-4.3546E-05,-0.00011384,-0.0002645,-0.0004923,-0.00017937,-9.5523E-05,-0.0015881,0.00020953,-0.0014412,-0.00015726,-0.00028292,0.00014988,0.0074703,0.0010264,-0.00033043,-0.00053423,-0.001482,0.00090514,-0.00084063
TSV20,-0.0062289,-0.0041246,-0.0053743,-0.0060964,-0.01299,-0.0028569,-0.0012975,0.00034763,-0.00070811,-0.0076807,-0.0030992,0.00036459,0.00015057,-0.0013107,0.014271,-0.0036035,-0.00072966,-3.5362E-05,0.0010264,0.057271,-0.0081766,-0.0056948,-0.0078592,-0.0093164,0.015012
TSV21,-0.016676,-0.0074127,-0.0067771,-0.0057871,-0.010209,-0.014023,8.9314E-05,-0.0007431,-0.00012407,-0.0057336,-0.011298,-0.00067879,0.0010088,-0.00027296,-0.0070709,0.014935,-0.0020706,0.00019385,-0.00033043,-0.0081766,0.11077,0.014489,-0.010402,-0.013261,-0.01731
TSV22,-0.0077874,-0.0029427,-0.0030674,-0.0028409,-0.0056378,-0.0067437,-9.8712E-05,-0.00068408,5.6116E-05,-0.0024236,-0.0076199,0.00026276,0.00070227,-0.00012568,-0.0040901,-0.0098698,0.00050963,-0.001409,-0.00053423,-0.0056948,0.014489,0.05562,0.014907,-0.0075633,-0.013056
TSV23,-0.0064712,-0.0025742,-0.0027626,-0.0028069,-0.0068742,-0.0052657,-0.00096939,-0.00029799,-0.00018183,-0.0039702,-0.0054566,0.00073259,0.00063423,3.9597E-06,-0.0069917,-0.0069965,-0.0016624,0.00077635,-0.001482,-0.0078592,-0.010402,0.014907,0.056092,0.01488,-0.011443
TSV24,-0.0060183,-0.002676,-0.0029964,-0.0031955,-0.0078413,-0.0040667,-0.0011368,0.00035707,-0.00074108,-0.0056017,-0.0049962,0.00042186,0.00044624,0.00017318,-0.0076669,-0.0063473,-0.00068127,-0.0015741,0.00090514,-0.0093164,-0.013261,-0.0075633,0.01488,0.056765,0.015505
TSV25,-0.010134,-0.0055221,-0.0068719,-0.0073641,-0.016657,-0.005809,-0.0017025,0.00083565,-0.00097791,-0.013032,-0.0068812,0.00086667,-2.1283E-05,-0.00029314,-0.011737,-0.0081944,-0.00091634,-0.0007547,-0.00084063,0.015012,-0.01731,-0.013056,-0.011443,0.015505,0.11262

Conductance Matrix Coupling Coefficient
,TSV1,TSV2,TSV3,TSV4,TSV5,TSV6,TSV7,TSV8,TSV9,TSV10,TSV11,TSV12,TSV13,TSV14,TSV15,TSV16,TSV17,TSV18,TSV19,TSV20,TSV21,TSV22,TSV23,TSV24,TSV25,
TSV1,1,0.18591,0.13346,0.16048,0.1425,0.19307,0.055597,0.004205,0.023671,0.09917,0.13971,0.030396,0.018238,0.0059533,0.0868,0.16716,0.016941,0.0042997,0.0049869,0.07777,0.1497,0.098659,0.081639,0.075474,0.090224
TSV2,0.18591,1,0.26793,0.16028,0.16037,0.16805,0.036707,0.061322,0.050987,0.10931,0.13667,0.019586,0.0071747,0.0043936,0.094543,0.11184,0.0023213,0.0044959,0.0021951,0.072113,0.093189,0.052207,0.045478,0.046995,0.068849
TSV3,0.13346,0.26793,1,0.26775,0.13004,0.12488,0.071768,0.045379,0.075424,0.12899,0.10426,0.011841,0.0012609,0.0050683,0.10516,0.090651,0.00021912,0.0020726,0.0017822,0.092638,0.083998,0.053652,0.048117,0.051879,0.084472
TSV4,0.16048,0.16028,0.26775,1,0.19748,0.10191,0.046354,0.06316,0.035887,0.1516,0.085488,0.01101,0.0034692,0.0063339,0.12385,0.074881,0.0015794,0.0023432,0.0033031,0.10703,0.073053,0.050609,0.049793,0.05635,0.092196
TSV5,0.1425,0.16037,0.13004,0.19748,1,0.095136,0.012384,0.010497,0.048023,0.1868,0.087217,0.02187,0.0071037,0.0066308,0.13885,0.079582,0.0032766,0.0063536,0.01021,0.16397,0.092659,0.072214,0.087679,0.099419,0.14994
TSV6,0.19307,0.16805,0.12488,0.10191,0.095136,1,0.024708,0.021584,0.0093022,0.057352,0.25255,0.09371,0.036948,0.0012041,0.049408,0.1461,0.044662,0.015107,0.0042657,0.050375,0.1778,0.12066,0.093819,0.072026,0.073044
TSV7,0.055597,0.036707,0.071768,0.046354,0.012384,0.024708,1,0.024736,0.042259,0.015613,0.081825,0.02222,0.20713,0.014758,0.056467,0.026835,0.038048,0.015031,0.0057568,0.061948,0.0030662,0.0047825,0.046768,0.054518,0.057968
TSV8,0.004205,0.061322,0.045379,0.06316,0.010497,0.021584,0.024736,1,0.02142,0.0059465,0.02865,0.20861,0.019249,0.20359,0.027039,0.0082111,0.011437,0.027197,0.015057,0.016606,0.025524,0.033159,0.014383,0.017132,0.028466
TSV9,0.023671,0.050987,0.075424,0.035887,0.048023,0.0093022,0.042259,0.02142,1,0.036064,0.012458,0.012921,0.20768,0.032377,0.078939,0.010231,0.0054141,0.017818,0.035054,0.033894,0.00427,0.0027256,0.0087944,0.03563,0.03338
TSV10,0.09917,0.10931,0.12899,0.1516,0.1868,0.057352,0.015613,0.0059465,0.036064,1,0.056077,0.030015,0.012974,0.062039,0.2604,0.0554,0.0022433,0.0046971,0.024022,0.13536,0.072654,0.043341,0.070699,0.099158,0.16377
TSV11,0.13971,0.13667,0.10426,0.085488,0.087217,0.25255,0.081825,0.02865,0.012458,0.056077,1,0.013223,0.040227,0.0019229,0.050346,0.25412,0.096174,0.037503,0.0088203,0.05504,0.14427,0.13732,0.09792,0.089124,0.087149
TSV12,0.030396,0.019586,0.011841,0.01101,0.02187,0.09371,0.02222,0.20861,0.012921,0.030015,0.013223,1,0.020322,0.025794,0.012952,0.09625,0.020957,0.20371,0.012701,0.017508,0.023438,0.012804,0.035548,0.020349,0.02968
TSV13,0.018238,0.0071747,0.0012609,0.0034692,0.0071037,0.036948,0.20713,0.019249,0.20768,0.012974,0.040227,0.020322,1,0.017526,0.0079862,0.038132,0.209,0.0183,0.21114,0.0072297,0.034831,0.034218,0.030772,0.021522,0.00072879
TSV14,0.0059533,0.0043936,0.0050683,0.0063339,0.0066308,0.0012041,0.014758,0.20359,0.032377,0.062039,0.0019229,0.025794,0.017526,1,0.047875,0.001713,0.014941,0.20951,0.028062,0.0634,0.0094936,0.0061686,0.00019353,0.008414,0.010112
TSV15,0.0868,0.094543,0.10516,0.12385,0.13885,0.049408,0.056467,0.027039,0.078939,0.2604,0.050346,0.012952,0.0079862,0.047875,1,0.056189,0.0090593,0.0033676,0.07139,0.25532,0.090961,0.074253,0.12639,0.13778,0.14974
TSV16,0.16716,0.11184,0.090651,0.074881,0.079582,0.1461,0.026835,0.0082111,0.010231,0.0554,0.25412,0.09625,0.038132,0.001713,0.056189,1,0.0084789,0.039,0.0076854,0.063601,0.18954,0.17677,0.12478,0.11253,0.10314
TSV17,0.016941,0.0023213,0.00021912,0.0015794,0.0032766,0.044662,0.038048,0.011437,0.0054141,0.0022433,0.096174,0.020957,0.209,0.014941,0.0090593,0.0084789,1,0.028765,0.037506,0.034934,0.071282,0.024759,0.080424,0.032763,0.031286
TSV18,0.0042997,0.0044959,0.0020726,0.0023432,0.0063536,0.015107,0.015031,0.027197,0.017818,0.0046971,0.037503,0.20371,0.0183,0.20951,0.0033676,0.039,0.028765,1,0.019847,0.0016912,0.006666,0.068379,0.037517,0.075616,0.025739
TSV19,0.0049869,0.0021951,0.0017822,0.0033031,0.01021,0.0042657,0.0057568,0.015057,0.035054,0.024022,0.0088203,0.012701,0.21114,0.028062,0.07139,0.0076854,0.037506,0.019847,1,0.049622,0.011487,0.026209,0.072397,0.043955,0.028982
TSV20,0.07777,0.072113,0.092638,0.10703,0.16397,0.050375,0.061948,0.016606,0.033894,0.13536,0.05504,0.017508,0.0072297,0.0634,0.25532,0.063601,0.034934,0.0016912,0.049622,1,0.10266,0.1009,0.13866,0.1634,0.18692
TSV21,0.1497,0.093189,0.083998,0.073053,0.092659,0.1778,0.0030662,0.025524,0.00427,0.072654,0.14427,0.023438,0.034831,0.0094936,0.090961,0.18954,0.071282,0.006666,0.011487,0.10266,1,0.18459,0.13196,0.16723,0.15498
TSV22,0.098659,0.052207,0.053652,0.050609,0.072214,0.12066,0.0047825,0.033159,0.0027256,0.043341,0.13732,0.012804,0.034218,0.0061686,0.074253,0.17677,0.024759,0.068379,0.026209,0.1009,0.18459,1,0.26688,0.1346,0.16497
TSV23,0.081639,0.045478,0.048117,0.049793,0.087679,0.093819,0.046768,0.014383,0.0087944,0.070699,0.09792,0.035548,0.030772,0.00019353,0.12639,0.12478,0.080424,0.037517,0.072397,0.13866,0.13196,0.26688,1,0.26369,0.14398
TSV24,0.075474,0.046995,0.051879,0.05635,0.099419,0.072026,0.054518,0.017132,0.03563,0.099158,0.089124,0.020349,0.021522,0.008414,0.13778,0.11253,0.032763,0.075616,0.043955,0.1634,0.16723,0.1346,0.26369,1,0.19393
TSV25,0.090224,0.068849,0.084472,0.092196,0.14994,0.073044,0.057968,0.028466,0.03338,0.16377,0.087149,0.02968,0.00072879,0.010112,0.14974,0.10314,0.031286,0.025739,0.028982,0.18692,0.15498,0.16497,0.14398,0.19393,1

Spice Conductance Matrix
,TSV1,TSV2,TSV3,TSV4,TSV5,TSV6,TSV7,TSV8,TSV9,TSV10,TSV11,TSV12,TSV13,TSV14,TSV15,TSV16,TSV17,TSV18,TSV19,TSV20,TSV21,TSV22,TSV23,TSV24,TSV25,
TSV1,0.0070984,-0.014871,0.010828,0.012784,0.015788,-0.015313,0.0016285,0.00012311,0.00069162,0.0078698,0.011002,0.00088522,-0.00053119,0.00017213,0.0067852,0.013246,0.00049486,-0.00012573,0.00014426,0.0062289,0.016676,0.0077874,0.0064712,0.0060183,0.010134
TSV2,-0.014871,0.0035269,-0.015523,0.0091179,0.012688,0.009518,-0.0007678,0.0012821,0.0010638,0.0061947,0.0076858,0.00040733,-0.00014923,9.0715E-05,0.0052776,0.0063285,4.8421E-05,-9.3885E-05,4.5345E-05,0.0041246,0.0074127,0.0029427,0.0025742,0.002676,0.0055221
TSV3,0.010828,-0.015523,0.0064594,-0.015449,0.010435,0.0071741,0.0015226,-0.0009623,0.0015962,0.0074143,0.005947,0.00024977,-2.6599E-05,0.00010614,0.0059539,0.0052027,-4.6361E-06,-4.3899E-05,3.7341E-05,0.0053743,0.0067771,0.0030674,0.0027626,0.0029964,0.0068719
TSV4,0.012784,0.0091179,-0.015449,0.0056651,-0.01556,0.0057483,0.00096559,0.001315,-0.00074569,0.0085556,0.0047876,0.00022802,-7.1859E-05,0.00013024,0.006885,0.0042196,-3.281E-05,-4.873E-05,6.7951E-05,0.0060964,0.0057871,0.0028409,0.0028069,0.0031955,0.0073641
TSV5,0.015788,0.012688,0.010435,-0.01556,0.0064119,0.0074634,0.00035878,0.00030398,0.0013878,-0.014662,0.0067933,0.00062996,-0.00020465,0.00018963,0.010736,0.0062371,-9.4669E-05,0.00018377,0.00029213,0.01299,0.010209,0.0056378,0.0068742,0.0078413,0.016657
TSV6,-0.015313,0.009518,0.0071741,0.0057483,0.0074634,0.0016063,-0.00051245,-0.00044745,0.00019245,0.0032227,-0.014082,0.0019324,-0.00076199,2.4651E-05,0.0027348,0.0081971,0.00092375,-0.00031281,8.7372E-05,0.0028569,0.014023,0.0067437,0.0052657,0.0040667,0.005809
TSV7,0.0016285,-0.0007678,0.0015226,0.00096559,0.00035878,-0.00051245,-0.0064731,-0.00018938,0.00032287,0.000324,0.0016849,-0.00016922,0.0015775,0.00011158,0.0011542,0.00055603,0.00029063,0.00011494,4.3546E-05,0.0012975,-8.9314E-05,9.8712E-05,0.00096939,0.0011368,0.0017025
TSV8,0.00012311,0.0012821,-0.0009623,0.001315,0.00030398,-0.00044745,-0.00018938,0.0042525,-0.00016358,-0.00012334,-0.00058969,0.0015879,-0.00014653,0.0015385,-0.00055245,-0.00017005,8.7318E-05,0.00020787,0.00011384,-0.00034763,0.0007431,0.00068408,0.00029799,-0.00035707,-0.00083565
TSV9,0.00069162,0.0010638,0.0015962,-0.00074569,0.0013878,0.00019245,0.00032287,-0.00016358,-0.0025225,-0.00074651,0.0002559,9.8153E-05,0.0015778,-0.00024418,0.0016096,0.00021146,-4.1252E-05,0.00013591,0.0002645,0.00070811,0.00012407,-5.6116E-05,0.00018183,0.00074108,0.00097791
TSV10,0.0078698,0.0061947,0.0074143,0.0085556,-0.014662,0.0032227,0.000324,-0.00012334,-0.00074651,0.0057476,0.0031285,0.00061928,-0.00026771,0.0012708,-0.014421,0.00311,-4.6423E-05,9.7311E-05,0.0004923,0.0076807,0.0057336,0.0024236,0.0039702,0.0056017,0.013032
TSV11,0.011002,0.0076858,0.005947,0.0047876,0.0067933,-0.014082,0.0016849,-0.00058969,0.0002559,0.0031285,0.00045761,-0.00027073,-0.00082368,3.9087E-05,0.0027668,-0.014156,0.001975,-0.00077099,0.00017937,0.0030992,0.011298,0.0076199,0.0054566,0.0049962,0.0068812
TSV12,0.00088522,0.00040733,0.00024977,0.00022802,0.00062996,0.0019324,-0.00016922,0.0015879,9.8153E-05,0.00061928,-0.00027073,-0.00042803,-0.00015388,0.00019389,0.00026323,0.0019828,-0.00015916,0.0015488,9.5523E-05,-0.00036459,0.00067879,-0.00026276,-0.00073259,-0.00042186,-0.00086667
TSV13,-0.00053119,-0.00014923,-2.6599E-05,-7.1859E-05,-0.00020465,-0.00076199,0.0015775,-0.00014653,0.0015778,-0.00026771,-0.00082368,-0.00015388,0.0085193,-0.00013176,-0.00016232,-0.00078563,0.0015874,-0.00013915,0.0015881,-0.00015057,-0.0010088,-0.00070227,-0.00063423,-0.00044624,2.1283E-05
TSV14,0.00017213,9.0715E-05,0.00010614,0.00013024,0.00018963,2.4651E-05,0.00011158,0.0015385,-0.00024418,0.0012708,3.9087E-05,0.00019389,-0.00013176,0.0015927,-0.00096599,3.5035E-05,0.00011265,0.0015814,-0.00020953,0.0013107,0.00027296,0.00012568,-3.9597E-06,-0.00017318,0.00029314
TSV15,0.0067852,0.0052776,0.0059539,0.006885,0.010736,0.0027348,0.0011542,-0.00055245,0.0016096,-0.014421,0.0027668,0.00026323,-0.00016232,-0.00096599,-0.0015992,0.0031071,0.00018467,6.8723E-05,0.0014412,-0.014271,0.0070709,0.0040901,0.0069917,0.0076669,0.011737
TSV16,0.013246,0.0063285,0.0052027,0.0042196,0.0062371,0.0081971,0.00055603,-0.00017005,0.00021146,0.00311,-0.014156,0.0019828,-0.00078563,3.5035E-05,0.0031071,-0.00052187,-0.0001752,-0.00080675,0.00015726,0.0036035,-0.014935,0.0098698,0.0069965,0.0063473,0.0081944
TSV17,0.00049486,4.8421E-05,-4.6361E-06,-3.281E-05,-9.4669E-05,0.00092375,0.00029063,8.7318E-05,-4.1252E-05,-4.6423E-05,0.001975,-0.00015916,0.0015874,0.00011265,0.00018467,-0.0001752,-0.0031473,-0.00021936,0.00028292,0.00072966,0.0020706,-0.00050963,0.0016624,0.00068127,0.00091634
TSV18,-0.00012573,-9.3885E-05,-4.3899E-05,-4.873E-05,0.00018377,-0.00031281,0.00011494,0.00020787,0.00013591,9.7311E-05,-0.00077099,0.0015488,-0.00013915,0.0015814,6.8723E-05,-0.00080675,-0.00021936,0.0036037,-0.00014988,3.5362E-05,-0.00019385,0.001409,-0.00077635,0.0015741,0.0007547
TSV19,0.00014426,4.5345E-05,3.7341E-05,6.7951E-05,0.00029213,8.7372E-05,4.3546E-05,0.00011384,0.0002645,0.0004923,0.00017937,9.5523E-05,0.0015881,-0.00020953,0.0014412,0.00015726,0.00028292,-0.00014988,0.001241,-0.0010264,0.00033043,0.00053423,0.001482,-0.00090514,0.00084063
TSV20,0.0062289,0.0041246,0.0053743,0.0060964,0.01299,0.0028569,0.0012975,-0.00034763,0.00070811,0.0076807,0.0030992,-0.00036459,-0.00015057,0.0013107,-0.014271,0.0036035,0.00072966,3.5362E-05,-0.0010264,0.0012606,0.0081766,0.0056948,0.0078592,0.0093164,-0.015012
TSV21,0.016676,0.0074127,0.0067771,0.0057871,0.010209,0.014023,-8.9314E-05,0.0007431,0.00012407,0.0057336,0.011298,0.00067879,-0.0010088,0.00027296,0.0070709,-0.014935,0.0020706,-0.00019385,0.00033043,0.0081766,0.003131,-0.014489,0.010402,0.013261,0.01731
TSV22,0.0077874,0.0029427,0.0030674,0.0028409,0.0056378,0.0067437,9.8712E-05,0.00068408,-5.6116E-05,0.0024236,0.0076199,-0.00026276,-0.00070227,0.00012568,0.0040901,0.0098698,-0.00050963,0.001409,0.00053423,0.0056948,-0.014489,0.0043575,-0.014907,0.0075633,0.013056
TSV23,0.0064712,0.0025742,0.0027626,0.0028069,0.0068742,0.0052657,0.00096939,0.00029799,0.00018183,0.0039702,0.0054566,-0.00073259,-0.00063423,-3.9597E-06,0.0069917,0.0069965,0.0016624,-0.00077635,0.001482,0.0078592,0.010402,-0.014907,0.0035577,-0.01488,0.011443
