Design Variation:  d_min='15um' l_tsv='50um' r_tsv='4um' ring_distance='0um' substrate_length='210um' t_ox='0.8um' tie_size='0um' w_dep='0.21712um'
Setup1:LastAdaptive
Problem Type:  C
C Units:farad, G Units:mSie
Reduce Matrix:  Original
Frequency:  6GHz

Capacitance Matrix
,TSV1,TSV2,TSV3,TSV4,TSV5,TSV6,TSV7,TSV8,TSV9,TSV10,TSV11,TSV12,TSV13,TSV14,TSV15,TSV16,TSV17,TSV18,TSV19,TSV20,TSV21,TSV22,TSV23,TSV24,TSV25,
TSV1,2.6217E-14,-8.7652E-15,-1.4692E-15,-5.988E-16,-6.8316E-16,-8.7675E-15,-2.054E-15,1.8085E-18,1.7929E-18,-8.2093E-17,-1.4707E-15,1.8095E-18,1.8276E-18,1.8095E-18,-6.3672E-17,-5.9802E-16,1.7945E-18,1.8099E-18,-1.1667E-18,-5.9668E-17,-6.8581E-16,-8.6558E-17,-6.3455E-17,-5.9718E-17,-1.1584E-16
TSV2,-8.7652E-15,2.979E-14,-8.0064E-15,-1.0984E-15,-5.9746E-16,-2.4488E-15,-6.1624E-15,-2.0351E-15,1.8286E-18,-4.9794E-17,-9.03E-17,-9.14E-18,1.864E-18,1.8455E-18,-4.6778E-17,-4.6987E-17,1.8302E-18,1.846E-18,1.8294E-18,-3.8184E-17,-7.8096E-17,1.7563E-18,-7.8561E-18,-1.3463E-17,-5.9403E-17
TSV3,-1.4692E-15,-8.0064E-15,2.9898E-14,-8.0048E-15,-1.4685E-15,-9.3108E-17,-2.0188E-15,-6.1923E-15,-2.0205E-15,-9.3877E-17,1.7761E-18,1.8579E-18,-3.3842E-17,1.8578E-18,1.7761E-18,-4.7167E-17,1.8424E-18,1.8583E-18,1.8416E-18,-4.7088E-17,-6.4358E-17,-8.9455E-18,-1.2055E-17,-8.702E-18,-6.4131E-17
TSV4,-5.988E-16,-1.0984E-15,-8.0048E-15,2.9791E-14,-8.7667E-15,-5.0124E-17,1.8289E-18,-2.035E-15,-6.1626E-15,-2.4549E-15,-4.6648E-17,1.8471E-18,1.8655E-18,-9.5304E-18,-9.3225E-17,-3.8187E-17,1.8317E-18,1.8475E-18,1.8308E-18,-5.0005E-17,-5.9959E-17,-1.3532E-17,-8.1081E-18,1.7558E-18,-8.1863E-17
TSV5,-6.8316E-16,-5.9746E-16,-1.4685E-15,-8.7667E-15,2.6222E-14,-8.0936E-17,1.7923E-18,1.809E-18,-2.0537E-15,-8.7725E-15,-6.4156E-17,1.8101E-18,1.8282E-18,1.81E-18,-1.4702E-15,-5.9411E-17,-5.472E-19,1.8105E-18,1.7942E-18,-5.9991E-16,-1.1587E-16,-6.034E-17,-6.4674E-17,-8.2677E-17,-6.8582E-16
TSV6,-8.7675E-15,-2.4488E-15,-9.3108E-17,-5.0124E-17,-8.0936E-17,2.9781E-14,-6.1657E-15,-9.4538E-18,1.8302E-18,1.7549E-18,-8.0041E-15,-2.0294E-15,1.8656E-18,1.8471E-18,-8.5422E-18,-1.0952E-15,1.8318E-18,1.8476E-18,1.831E-18,-1.3793E-17,-5.9935E-16,-5.2758E-17,-4.6416E-17,-3.7674E-17,-5.9392E-17
TSV7,-2.054E-15,-6.1624E-15,-2.0188E-15,1.8289E-18,1.7923E-18,-6.1657E-15,3.2063E-14,-6.0984E-15,-4.918E-17,1.8297E-18,-2.0217E-15,-6.096E-15,-1.9761E-15,-3.5451E-18,1.8411E-18,1.8312E-18,-4.8842E-17,-5.3253E-18,1.9091E-18,1.8308E-18,1.7953E-18,1.8328E-18,1.8426E-18,1.8308E-18,-4.5739E-19
TSV8,1.8085E-18,-2.0351E-15,-6.1923E-15,-2.035E-15,1.809E-18,-9.4538E-18,-6.0984E-15,3.2055E-14,-6.0991E-15,-1.0758E-17,1.8583E-18,-1.9765E-15,-6.1012E-15,-1.976E-15,1.8583E-18,1.8482E-18,-4.8681E-18,-5.3739E-17,-3.1976E-18,1.8478E-18,1.812E-18,1.8498E-18,1.8597E-18,1.8478E-18,1.8097E-18
TSV9,1.7929E-18,1.8286E-18,-2.0205E-15,-6.1626E-15,-2.0537E-15,1.8302E-18,-4.918E-17,-6.0991E-15,3.2061E-14,-6.1657E-15,1.8424E-18,-4.2461E-18,-1.9803E-15,-6.0989E-15,-2.0228E-15,1.8324E-18,1.9111E-18,-3.8853E-18,-4.8392E-17,1.8319E-18,-1.2622E-18,1.8339E-18,1.8438E-18,1.8319E-18,1.7942E-18
TSV10,-8.2093E-17,-4.9794E-17,-9.3877E-17,-2.4549E-15,-8.7725E-15,1.7549E-18,1.8297E-18,-1.0758E-17,-6.1657E-15,2.9789E-14,-8.6245E-18,1.8479E-18,1.8664E-18,-2.03E-15,-8.0014E-15,-1.3411E-17,1.8325E-18,1.8483E-18,1.8317E-18,-1.0961E-15,-6.0086E-17,-3.8217E-17,-4.7352E-17,-5.0399E-17,-5.9986E-16
TSV11,-1.4707E-15,-9.03E-17,1.7761E-18,-4.6648E-17,-6.4156E-17,-8.0041E-15,-2.0217E-15,1.8583E-18,1.8424E-18,-8.6245E-18,2.9898E-14,-6.1946E-15,-3.5187E-17,1.8594E-18,-1.258E-17,-8.0028E-15,-2.0216E-15,1.8599E-18,1.8431E-18,-8.7685E-18,-1.4669E-15,-9.585E-17,1.779E-18,-4.6246E-17,-6.2904E-17
TSV12,1.8095E-18,-9.14E-18,1.8579E-18,1.8471E-18,1.8101E-18,-2.0294E-15,-6.096E-15,-1.9765E-15,-4.2461E-18,1.8479E-18,-6.1946E-15,3.205E-14,-6.1021E-15,-5.5748E-17,1.8594E-18,-2.0358E-15,-6.0984E-15,-1.9786E-15,-5.1396E-18,1.8489E-18,1.8131E-18,-9.2958E-18,1.8609E-18,1.8489E-18,1.8108E-18
TSV13,1.8276E-18,1.864E-18,-3.3842E-17,1.8655E-18,1.8282E-18,1.8656E-18,-1.9761E-15,-6.1012E-15,-1.9803E-15,1.8664E-18,-3.5187E-17,-6.1021E-15,3.2036E-14,-6.1031E-15,-3.5693E-17,1.8678E-18,-1.9774E-15,-6.1012E-15,-1.976E-15,1.8674E-18,1.8312E-18,1.8694E-18,-3.5179E-17,1.8674E-18,1.8289E-18
TSV14,1.8095E-18,1.8455E-18,1.8578E-18,-9.5304E-18,1.81E-18,1.8471E-18,-3.5451E-18,-1.976E-15,-6.0989E-15,-2.03E-15,1.8594E-18,-5.5748E-17,-6.1031E-15,3.2046E-14,-6.1935E-15,1.8493E-18,-4.7974E-18,-1.9776E-15,-6.0976E-15,-2.0299E-15,1.8131E-18,1.8509E-18,1.8608E-18,-9.2876E-18,1.8108E-18
TSV15,-6.3672E-17,-4.6778E-17,1.7761E-18,-9.3225E-17,-1.4702E-15,-8.5422E-18,1.8411E-18,1.8583E-18,-2.0228E-15,-8.0014E-15,-1.258E-17,1.8594E-18,-3.5693E-17,-6.1935E-15,2.9907E-14,-8.5401E-18,1.8439E-18,1.8598E-18,-2.0235E-15,-8.0056E-15,-6.434E-17,-4.678E-17,1.7789E-18,-9.3341E-17,-1.4711E-15
TSV16,-5.9802E-16,-4.6987E-17,-4.7167E-17,-3.8187E-17,-5.9411E-17,-1.0952E-15,1.8312E-18,1.8482E-18,1.8324E-18,-1.3411E-17,-8.0028E-15,-2.0358E-15,1.8678E-18,1.8493E-18,-8.5401E-18,2.9785E-14,-6.1672E-15,-8.7784E-18,1.8331E-18,1.7579E-18,-8.7696E-15,-2.4548E-15,-9.2034E-17,-5.0162E-17,-8.1281E-17
TSV17,1.7945E-18,1.8302E-18,1.8424E-18,1.8317E-18,-5.472E-19,1.8318E-18,-4.8842E-17,-4.8681E-18,1.9111E-18,1.8325E-18,-2.0216E-15,-6.0984E-15,-1.9774E-15,-4.7974E-18,1.8439E-18,-6.1672E-15,3.2071E-14,-6.099E-15,-4.909E-17,1.8335E-18,-2.0596E-15,-6.164E-15,-2.0257E-15,1.8335E-18,1.7957E-18
TSV18,1.8099E-18,1.846E-18,1.8583E-18,1.8475E-18,1.8105E-18,1.8476E-18,-5.3253E-18,-5.3739E-17,-3.8853E-18,1.8483E-18,1.8599E-18,-1.9786E-15,-6.1012E-15,-1.9776E-15,1.8598E-18,-8.7784E-18,-6.099E-15,3.2057E-14,-6.099E-15,-9.6002E-18,1.8135E-18,-2.0294E-15,-6.193E-15,-2.0352E-15,1.8112E-18
TSV19,-1.1667E-18,1.8294E-18,1.8416E-18,1.8308E-18,1.7942E-18,1.831E-18,1.9091E-18,-3.1976E-18,-4.8392E-17,1.8317E-18,1.8431E-18,-5.1396E-18,-1.976E-15,-6.0976E-15,-2.0235E-15,1.8331E-18,-4.909E-17,-6.099E-15,3.2065E-14,-6.1666E-15,1.7972E-18,1.8347E-18,-2.0185E-15,-6.1639E-15,-2.0585E-15
TSV20,-5.9668E-17,-3.8184E-17,-4.7088E-17,-5.0005E-17,-5.9991E-16,-1.3793E-17,1.8308E-18,1.8478E-18,1.8319E-18,-1.0961E-15,-8.7685E-18,1.8489E-18,1.8674E-18,-2.0299E-15,-8.0056E-15,1.7579E-18,1.8335E-18,-9.6002E-18,-6.1666E-15,2.9783E-14,-8.2485E-17,-5.0517E-17,-9.4978E-17,-2.4517E-15,-8.7724E-15
TSV21,-6.8581E-16,-7.8096E-17,-6.4358E-17,-5.9959E-17,-1.1587E-16,-5.9935E-16,1.7953E-18,1.812E-18,-1.2622E-18,-6.0086E-17,-1.4669E-15,1.8131E-18,1.8312E-18,1.8131E-18,-6.434E-17,-8.7696E-15,-2.0596E-15,1.8135E-18,1.7972E-18,-8.2485E-17,2.6216E-14,-8.7754E-15,-1.4673E-15,-5.9975E-16,-6.8383E-16
TSV22,-8.6558E-17,1.7563E-18,-8.9455E-18,-1.3532E-17,-6.034E-17,-5.2758E-17,1.8328E-18,1.8498E-18,1.8339E-18,-3.8217E-17,-9.585E-17,-9.2958E-18,1.8694E-18,1.8509E-18,-4.678E-17,-2.4548E-15,-6.164E-15,-2.0294E-15,1.8347E-18,-5.0517E-17,-8.7754E-15,2.9784E-14,-8.0063E-15,-1.0979E-15,-5.9867E-16
TSV23,-6.3455E-17,-7.8561E-18,-1.2055E-17,-8.1081E-18,-6.4674E-17,-4.6416E-17,1.8426E-18,1.8597E-18,1.8438E-18,-4.7352E-17,1.779E-18,1.8609E-18,-3.5179E-17,1.8608E-18,1.7789E-18,-9.2034E-17,-2.0257E-15,-6.193E-15,-2.0185E-15,-9.4978E-17,-1.4673E-15,-8.0063E-15,2.9898E-14,-8.0037E-15,-1.4709E-15
TSV24,-5.9718E-17,-1.3463E-17,-8.702E-18,1.7558E-18,-8.2677E-17,-3.7674E-17,1.8308E-18,1.8478E-18,1.8319E-18,-5.0399E-17,-4.6246E-17,1.8489E-18,1.8674E-18,-9.2876E-18,-9.3341E-17,-5.0162E-17,1.8335E-18,-2.0352E-15,-6.1639E-15,-2.4517E-15,-5.9975E-16,-1.0979E-15,-8.0037E-15,2.9786E-14,-8.7672E-15
TSV25,-1.1584E-16,-5.9403E-17,-6.4131E-17,-8.1863E-17,-6.8582E-16,-5.9392E-17,-4.5739E-19,1.8097E-18,1.7942E-18,-5.9986E-16,-6.2904E-17,1.8108E-18,1.8289E-18,1.8108E-18,-1.4711E-15,-8.1281E-17,1.7957E-18,1.8112E-18,-2.0585E-15,-8.7724E-15,-6.8383E-16,-5.9867E-16,-1.4709E-15,-8.7672E-15,2.6238E-14

Capacitance Matrix Coupling Coefficient
,TSV1,TSV2,TSV3,TSV4,TSV5,TSV6,TSV7,TSV8,TSV9,TSV10,TSV11,TSV12,TSV13,TSV14,TSV15,TSV16,TSV17,TSV18,TSV19,TSV20,TSV21,TSV22,TSV23,TSV24,TSV25,
TSV1,1,0.31364,0.052478,0.021426,0.026056,0.31377,0.070843,6.2383E-05,6.1842E-05,0.0029376,0.052531,6.2426E-05,6.3064E-05,6.2429E-05,0.0022739,0.021401,6.1886E-05,6.2432E-05,4.024E-05,0.0021353,0.02616,0.0030976,0.0022665,0.002137,0.0044168
TSV2,0.31364,1,0.26827,0.03687,0.021377,0.082215,0.19939,0.065856,5.9169E-05,0.0016715,0.0030257,0.0002958,6.0338E-05,5.973E-05,0.0015672,0.0015774,5.9211E-05,5.9734E-05,5.919E-05,0.0012819,0.0027946,5.8961E-05,0.00026324,0.00045196,0.0021247
TSV3,0.052478,0.26827,1,0.26821,0.052446,0.0031203,0.065203,0.20002,0.065261,0.0031456,5.9406E-05,6.0018E-05,0.0010935,6.002E-05,5.9396E-05,0.0015806,5.9499E-05,6.0024E-05,5.9477E-05,0.001578,0.0022988,0.00029977,0.0004032,0.0002916,0.0022897
TSV4,0.021426,0.03687,0.26821,1,0.31366,0.0016828,5.9176E-05,0.065853,0.19941,0.082405,0.001563,5.9775E-05,6.0386E-05,0.00030844,0.0031232,0.001282,5.9258E-05,5.9781E-05,5.9237E-05,0.0016787,0.0021455,0.00045428,0.00027168,5.8941E-05,0.0029281
TSV5,0.026056,0.021377,0.052446,0.31366,1,0.0028963,6.1813E-05,6.2396E-05,0.070831,0.31388,0.0022913,6.2439E-05,6.3076E-05,6.2441E-05,0.052502,0.0021259,1.887E-05,6.2445E-05,6.1876E-05,0.021467,0.0044193,0.0021592,0.0023098,0.0029583,0.026147
TSV6,0.31377,0.082215,0.0031203,0.0016828,0.0028963,1,0.19953,0.00030598,5.923E-05,5.8919E-05,0.26824,0.065687,6.04E-05,5.9792E-05,0.00028623,0.036773,5.9273E-05,5.9796E-05,5.9251E-05,0.00046313,0.02145,0.0017714,0.0015555,0.0012649,0.0021247
TSV7,0.070843,0.19939,0.065203,5.9176E-05,6.1813E-05,0.19953,1,0.19022,0.0015339,5.9204E-05,0.065296,0.19016,0.061657,0.0001106,5.9457E-05,5.9256E-05,0.0015231,0.0001661,5.9539E-05,5.9244E-05,6.1924E-05,5.9308E-05,5.9512E-05,5.9241E-05,1.577E-05
TSV8,6.2383E-05,0.065856,0.20002,0.065853,6.2396E-05,0.00030598,0.19022,1,0.19025,0.00034813,6.0028E-05,0.061666,0.19039,0.061652,6.0018E-05,5.9816E-05,0.00015183,0.0016764,9.9737E-05,5.9803E-05,6.2508E-05,5.9868E-05,6.0073E-05,5.98E-05,6.2402E-05
TSV9,6.1842E-05,5.9169E-05,0.065261,0.19941,0.070831,5.923E-05,0.0015339,0.19025,1,0.19951,5.9507E-05,0.00013246,0.06179,0.19027,0.065326,5.9297E-05,5.9601E-05,0.00012119,0.0015093,5.9284E-05,4.3538E-05,5.9348E-05,5.9552E-05,5.9282E-05,6.186E-05
TSV10,0.0029376,0.0016715,0.0031456,0.082405,0.31388,5.8919E-05,5.9204E-05,0.00034813,0.19951,1,0.00028899,5.9804E-05,6.0415E-05,0.065703,0.26807,0.00045024,5.9287E-05,5.981E-05,5.9266E-05,0.036797,0.0021501,0.001283,0.0015867,0.0016919,0.021456
TSV11,0.052531,0.0030257,5.9406E-05,0.001563,0.0022913,0.26824,0.065296,6.0028E-05,5.9507E-05,0.00028899,1,0.20012,0.0011369,6.0072E-05,0.00042072,0.26818,0.065285,6.0075E-05,5.9528E-05,0.00029385,0.052396,0.003212,5.9501E-05,0.0015497,0.0022459
TSV12,6.2426E-05,0.0002958,6.0018E-05,5.9775E-05,6.2439E-05,0.065687,0.19016,0.061666,0.00013246,5.9804E-05,0.20012,1,0.19044,0.0017395,6.0059E-05,0.065891,0.19022,0.061729,0.00016032,5.9844E-05,6.2551E-05,0.00030087,6.0114E-05,5.9841E-05,6.2445E-05
TSV13,6.3064E-05,6.0338E-05,0.0010935,6.0386E-05,6.3076E-05,6.04E-05,0.061657,0.19039,0.06179,6.0415E-05,0.0011369,0.19044,1,0.19048,0.0011531,6.0468E-05,0.06169,0.19039,0.061653,6.0455E-05,6.319E-05,6.052E-05,0.0011367,6.0452E-05,6.3082E-05
TSV14,6.2429E-05,5.973E-05,6.002E-05,0.00030844,6.2441E-05,5.9792E-05,0.0001106,0.061652,0.19027,0.065703,6.0072E-05,0.0017395,0.19048,1,0.20006,5.9859E-05,0.00014964,0.061701,0.19022,0.065704,6.2554E-05,5.9911E-05,6.0117E-05,0.00030061,6.2447E-05
TSV15,0.0022739,0.0015672,5.9396E-05,0.0031232,0.052502,0.00028623,5.9457E-05,6.0018E-05,0.065326,0.26807,0.00042072,6.0059E-05,0.0011531,0.20006,1,0.00028614,5.954E-05,6.0065E-05,0.065345,0.26824,0.0022978,0.0015674,5.9491E-05,0.0031274,0.052515
TSV16,0.021401,0.0015774,0.0015806,0.001282,0.0021259,0.036773,5.9256E-05,5.9816E-05,5.9297E-05,0.00045024,0.26818,0.065891,6.0468E-05,5.9859E-05,0.00028614,1,0.19954,0.00028409,5.9318E-05,5.9024E-05,0.31384,0.082421,0.0030841,0.0016841,0.0029076
TSV17,6.1886E-05,5.9211E-05,5.9499E-05,5.9258E-05,1.887E-05,5.9273E-05,0.0015231,0.00015183,5.9601E-05,5.9287E-05,0.065285,0.19022,0.06169,0.00014964,5.954E-05,0.19954,1,0.19021,0.0015308,5.9326E-05,0.071032,0.19944,0.065418,5.9324E-05,6.1905E-05
TSV18,6.2432E-05,5.9734E-05,6.0024E-05,5.9781E-05,6.2445E-05,5.9796E-05,0.0001661,0.0016764,0.00012119,5.981E-05,6.0075E-05,0.061729,0.19039,0.061701,6.0065E-05,0.00028409,0.19021,1,0.19023,0.00031069,6.2557E-05,0.065678,0.20004,0.065862,6.2451E-05
TSV19,4.024E-05,5.919E-05,5.9477E-05,5.9237E-05,6.1876E-05,5.9251E-05,5.9539E-05,9.9737E-05,0.0015093,5.9266E-05,5.9528E-05,0.00016032,0.061653,0.19022,0.065345,5.9318E-05,0.0015308,0.19023,1,0.19955,6.1988E-05,5.9369E-05,0.065192,0.19945,0.07097
TSV20,0.0021353,0.0012819,0.001578,0.0016787,0.021467,0.00046313,5.9244E-05,5.9803E-05,5.9284E-05,0.036797,0.00029385,5.9844E-05,6.0455E-05,0.065704,0.26824,5.9024E-05,5.9326E-05,0.00031069,0.19955,1,0.002952,0.0016961,0.0031829,0.082315,0.31381
TSV21,0.02616,0.0027946,0.0022988,0.0021455,0.0044193,0.02145,6.1924E-05,6.2508E-05,4.3538E-05,0.0021501,0.052396,6.2551E-05,6.319E-05,6.2554E-05,0.0022978,0.31384,0.071032,6.2557E-05,6.1988E-05,0.002952,1,0.31405,0.05241,0.021463,0.026074
TSV22,0.0030976,5.8961E-05,0.00029977,0.00045428,0.0021592,0.0017714,5.9308E-05,5.9868E-05,5.9348E-05,0.001283,0.003212,0.00030087,6.052E-05,5.9911E-05,0.0015674,0.082421,0.19944,0.065678,5.9369E-05,0.0016961,0.31405,1,0.2683,0.036859,0.021416
TSV23,0.0022665,0.00026324,0.0004032,0.00027168,0.0023098,0.0015555,5.9512E-05,6.0073E-05,5.9552E-05,0.0015867,5.9501E-05,6.0114E-05,0.0011367,6.0117E-05,5.9491E-05,0.0030841,0.065418,0.20004,0.065192,0.0031829,0.05241,0.2683,1,0.2682,0.052516
TSV24,0.002137,0.00045196,0.0002916,5.8941E-05,0.0029583,0.0012649,5.9241E-05,5.98E-05,5.9282E-05,0.0016919,0.0015497,5.9841E-05,6.0452E-05,0.00030061,0.0031274,0.0016841,5.9324E-05,0.065862,0.19945,0.082315,0.021463,0.036859,0.2682,1,0.31361
TSV25,0.0044168,0.0021247,0.0022897,0.0029281,0.026147,0.0021247,1.577E-05,6.2402E-05,6.186E-05,0.021456,0.0022459,6.2445E-05,6.3082E-05,6.2447E-05,0.052515,0.0029076,6.1905E-05,6.2451E-05,0.07097,0.31381,0.026074,0.021416,0.052516,0.31361,1

Spice Capacitance Matrix
,TSV1,TSV2,TSV3,TSV4,TSV5,TSV6,TSV7,TSV8,TSV9,TSV10,TSV11,TSV12,TSV13,TSV14,TSV15,TSV16,TSV17,TSV18,TSV19,TSV20,TSV21,TSV22,TSV23,TSV24,TSV25,
TSV1,6.0491E-16,8.7652E-15,1.4692E-15,5.988E-16,6.8316E-16,8.7675E-15,2.054E-15,-1.8085E-18,-1.7929E-18,8.2093E-17,1.4707E-15,-1.8095E-18,-1.8276E-18,-1.8095E-18,6.3672E-17,5.9802E-16,-1.7945E-18,-1.8099E-18,1.1667E-18,5.9668E-17,6.8581E-16,8.6558E-17,6.3455E-17,5.9718E-17,1.1584E-16
TSV2,8.7652E-15,2.4951E-16,8.0064E-15,1.0984E-15,5.9746E-16,2.4488E-15,6.1624E-15,2.0351E-15,-1.8286E-18,4.9794E-17,9.03E-17,9.14E-18,-1.864E-18,-1.8455E-18,4.6778E-17,4.6987E-17,-1.8302E-18,-1.846E-18,-1.8294E-18,3.8184E-17,7.8096E-17,-1.7563E-18,7.8561E-18,1.3463E-17,5.9403E-17
TSV3,1.4692E-15,8.0064E-15,2.5726E-16,8.0048E-15,1.4685E-15,9.3108E-17,2.0188E-15,6.1923E-15,2.0205E-15,9.3877E-17,-1.7761E-18,-1.8579E-18,3.3842E-17,-1.8578E-18,-1.7761E-18,4.7167E-17,-1.8424E-18,-1.8583E-18,-1.8416E-18,4.7088E-17,6.4358E-17,8.9455E-18,1.2055E-17,8.702E-18,6.4131E-17
TSV4,5.988E-16,1.0984E-15,8.0048E-15,2.3178E-16,8.7667E-15,5.0124E-17,-1.8289E-18,2.035E-15,6.1626E-15,2.4549E-15,4.6648E-17,-1.8471E-18,-1.8655E-18,9.5304E-18,9.3225E-17,3.8187E-17,-1.8317E-18,-1.8475E-18,-1.8308E-18,5.0005E-17,5.9959E-17,1.3532E-17,8.1081E-18,-1.7558E-18,8.1863E-17
TSV5,6.8316E-16,5.9746E-16,1.4685E-15,8.7667E-15,6.0768E-16,8.0936E-17,-1.7923E-18,-1.809E-18,2.0537E-15,8.7725E-15,6.4156E-17,-1.8101E-18,-1.8282E-18,-1.81E-18,1.4702E-15,5.9411E-17,5.472E-19,-1.8105E-18,-1.7942E-18,5.9991E-16,1.1587E-16,6.034E-17,6.4674E-17,8.2677E-17,6.8582E-16
TSV6,8.7675E-15,2.4488E-15,9.3108E-17,5.0124E-17,8.0936E-17,2.3137E-16,6.1657E-15,9.4538E-18,-1.8302E-18,-1.7549E-18,8.0041E-15,2.0294E-15,-1.8656E-18,-1.8471E-18,8.5422E-18,1.0952E-15,-1.8318E-18,-1.8476E-18,-1.831E-18,1.3793E-17,5.9935E-16,5.2758E-17,4.6416E-17,3.7674E-17,5.9392E-17
TSV7,2.054E-15,6.1624E-15,2.0188E-15,-1.8289E-18,-1.7923E-18,6.1657E-15,-6.1694E-16,6.0984E-15,4.918E-17,-1.8297E-18,2.0217E-15,6.096E-15,1.9761E-15,3.5451E-18,-1.8411E-18,-1.8312E-18,4.8842E-17,5.3253E-18,-1.9091E-18,-1.8308E-18,-1.7953E-18,-1.8328E-18,-1.8426E-18,-1.8308E-18,4.5739E-19
TSV8,-1.8085E-18,2.0351E-15,6.1923E-15,2.035E-15,-1.809E-18,9.4538E-18,6.0984E-15,-5.1997E-16,6.0991E-15,1.0758E-17,-1.8583E-18,1.9765E-15,6.1012E-15,1.976E-15,-1.8583E-18,-1.8482E-18,4.8681E-18,5.3739E-17,3.1976E-18,-1.8478E-18,-1.812E-18,-1.8498E-18,-1.8597E-18,-1.8478E-18,-1.8097E-18
TSV9,-1.7929E-18,-1.8286E-18,2.0205E-15,6.1626E-15,2.0537E-15,-1.8302E-18,4.918E-17,6.0991E-15,-6.2997E-16,6.1657E-15,-1.8424E-18,4.2461E-18,1.9803E-15,6.0989E-15,2.0228E-15,-1.8324E-18,-1.9111E-18,3.8853E-18,4.8392E-17,-1.8319E-18,1.2622E-18,-1.8339E-18,-1.8438E-18,-1.8319E-18,-1.7942E-18
TSV10,8.2093E-17,4.9794E-17,9.3877E-17,2.4549E-15,8.7725E-15,-1.7549E-18,-1.8297E-18,1.0758E-17,6.1657E-15,2.2721E-16,8.6245E-18,-1.8479E-18,-1.8664E-18,2.03E-15,8.0014E-15,1.3411E-17,-1.8325E-18,-1.8483E-18,-1.8317E-18,1.0961E-15,6.0086E-17,3.8217E-17,4.7352E-17,5.0399E-17,5.9986E-16
TSV11,1.4707E-15,9.03E-17,-1.7761E-18,4.6648E-17,6.4156E-17,8.0041E-15,2.0217E-15,-1.8583E-18,-1.8424E-18,8.6245E-18,2.5701E-16,6.1946E-15,3.5187E-17,-1.8594E-18,1.258E-17,8.0028E-15,2.0216E-15,-1.8599E-18,-1.8431E-18,8.7685E-18,1.4669E-15,9.585E-17,-1.779E-18,4.6246E-17,6.2904E-17
TSV12,-1.8095E-18,9.14E-18,-1.8579E-18,-1.8471E-18,-1.8101E-18,2.0294E-15,6.096E-15,1.9765E-15,4.2461E-18,-1.8479E-18,6.1946E-15,-5.251E-16,6.1021E-15,5.5748E-17,-1.8594E-18,2.0358E-15,6.0984E-15,1.9786E-15,5.1396E-18,-1.8489E-18,-1.8131E-18,9.2958E-18,-1.8609E-18,-1.8489E-18,-1.8108E-18
TSV13,-1.8276E-18,-1.864E-18,3.3842E-17,-1.8655E-18,-1.8282E-18,-1.8656E-18,1.9761E-15,6.1012E-15,1.9803E-15,-1.8664E-18,3.5187E-17,6.1021E-15,-3.9894E-16,6.1031E-15,3.5693E-17,-1.8678E-18,1.9774E-15,6.1012E-15,1.976E-15,-1.8674E-18,-1.8312E-18,-1.8694E-18,3.5179E-17,-1.8674E-18,-1.8289E-18
TSV14,-1.8095E-18,-1.8455E-18,-1.8578E-18,9.5304E-18,-1.81E-18,-1.8471E-18,3.5451E-18,1.976E-15,6.0989E-15,2.03E-15,-1.8594E-18,5.5748E-17,6.1031E-15,-5.2304E-16,6.1935E-15,-1.8493E-18,4.7974E-18,1.9776E-15,6.0976E-15,2.0299E-15,-1.8131E-18,-1.8509E-18,-1.8608E-18,9.2876E-18,-1.8108E-18
TSV15,6.3672E-17,4.6778E-17,-1.7761E-18,9.3225E-17,1.4702E-15,8.5422E-18,-1.8411E-18,-1.8583E-18,2.0228E-15,8.0014E-15,1.258E-17,-1.8594E-18,3.5693E-17,6.1935E-15,2.5774E-16,8.5401E-18,-1.8439E-18,-1.8598E-18,2.0235E-15,8.0056E-15,6.434E-17,4.678E-17,-1.7789E-18,9.3341E-17,1.4711E-15
TSV16,5.9802E-16,4.6987E-17,4.7167E-17,3.8187E-17,5.9411E-17,1.0952E-15,-1.8312E-18,-1.8482E-18,-1.8324E-18,1.3411E-17,8.0028E-15,2.0358E-15,-1.8678E-18,-1.8493E-18,8.5401E-18,2.2799E-16,6.1672E-15,8.7784E-18,-1.8331E-18,-1.7579E-18,8.7696E-15,2.4548E-15,9.2034E-17,5.0162E-17,8.1281E-17
TSV17,-1.7945E-18,-1.8302E-18,-1.8424E-18,-1.8317E-18,5.472E-19,-1.8318E-18,4.8842E-17,4.8681E-18,-1.9111E-18,-1.8325E-18,2.0216E-15,6.0984E-15,1.9774E-15,4.7974E-18,-1.8439E-18,6.1672E-15,-6.2997E-16,6.099E-15,4.909E-17,-1.8335E-18,2.0596E-15,6.164E-15,2.0257E-15,-1.8335E-18,-1.7957E-18
TSV18,-1.8099E-18,-1.846E-18,-1.8583E-18,-1.8475E-18,-1.8105E-18,-1.8476E-18,5.3253E-18,5.3739E-17,3.8853E-18,-1.8483E-18,-1.8599E-18,1.9786E-15,6.1012E-15,1.9776E-15,-1.8598E-18,8.7784E-18,6.099E-15,-5.1698E-16,6.099E-15,9.6002E-18,-1.8135E-18,2.0294E-15,6.193E-15,2.0352E-15,-1.8112E-18
TSV19,1.1667E-18,-1.8294E-18,-1.8416E-18,-1.8308E-18,-1.7942E-18,-1.831E-18,-1.9091E-18,3.1976E-18,4.8392E-17,-1.8317E-18,-1.8431E-18,5.1396E-18,1.976E-15,6.0976E-15,2.0235E-15,-1.8331E-18,4.909E-17,6.099E-15,-6.2564E-16,6.1666E-15,-1.7972E-18,-1.8347E-18,2.0185E-15,6.1639E-15,2.0585E-15
TSV20,5.9668E-17,3.8184E-17,4.7088E-17,5.0005E-17,5.9991E-16,1.3793E-17,-1.8308E-18,-1.8478E-18,-1.8319E-18,1.0961E-15,8.7685E-18,-1.8489E-18,-1.8674E-18,2.0299E-15,8.0056E-15,-1.7579E-18,-1.8335E-18,9.6002E-18,6.1666E-15,2.186E-16,8.2485E-17,5.0517E-17,9.4978E-17,2.4517E-15,8.7724E-15
TSV21,6.8581E-16,7.8096E-17,6.4358E-17,5.9959E-17,1.1587E-16,5.9935E-16,-1.7953E-18,-1.812E-18,1.2622E-18,6.0086E-17,1.4669E-15,-1.8131E-18,-1.8312E-18,-1.8131E-18,6.434E-17,8.7696E-15,2.0596E-15,-1.8135E-18,-1.7972E-18,8.2485E-17,5.942E-16,8.7754E-15,1.4673E-15,5.9975E-16,6.8383E-16
TSV22,8.6558E-17,-1.7563E-18,8.9455E-18,1.3532E-17,6.034E-17,5.2758E-17,-1.8328E-18,-1.8498E-18,-1.8339E-18,3.8217E-17,9.585E-17,9.2958E-18,-1.8694E-18,-1.8509E-18,4.678E-17,2.4548E-15,6.164E-15,2.0294E-15,-1.8347E-18,5.0517E-17,8.7754E-15,2.0751E-16,8.0063E-15,1.0979E-15,5.9867E-16
TSV23,6.3455E-17,7.8561E-18,1.2055E-17,8.1081E-18,6.4674E-17,4.6416E-17,-1.8426E-18,-1.8597E-18,-1.8438E-18,4.7352E-17,-1.779E-18,-1.8609E-18,3.5179E-17,-1.8608E-18,-1.7789E-18,9.2034E-17,2.0257E-15,6.193E-15,2.0185E-15,9.4978E-17,1.4673E-15,8.0063E-15,2.5338E-16,8.0037E-15,1.4709E-15
TSV24,5.9718E-17,1.3463E-17,8.702E-18,-1.7558E-18,8.2677E-17,3.7674E-17,-1.8308E-18,-1.8478E-18,-1.8319E-18,5.0399E-17,4.6246E-17,-1.8489E-18,-1.8674E-18,9.2876E-18,9.3341E-17,5.0162E-17,-1.8335E-18,2.0352E-15,6.1639E-15,2.4517E-15,5.9975E-16,1.0979E-15,8.0037E-15,2.2787E-16,8.7672E-15
TSV25,1.1584E-16,5.9403E-17,6.4131E-17,8.1863E-17,6.8582E-16,5.9392E-17,4.5739E-19,-1.8097E-18,-1.7942E-18,5.9986E-16,6.2904E-17,-1.8108E-18,-1.8289E-18,-1.8108E-18,1.4711E-15,8.1281E-17,-1.7957E-18,-1.8112E-18,2.0585E-15,8.7724E-15,6.8383E-16,5.9867E-16,1.4709E-15,8.7672E-15,6.1684E-16

Conductance Matrix
,TSV1,TSV2,TSV3,TSV4,TSV5,TSV6,TSV7,TSV8,TSV9,TSV10,TSV11,TSV12,TSV13,TSV14,TSV15,TSV16,TSV17,TSV18,TSV19,TSV20,TSV21,TSV22,TSV23,TSV24,TSV25,
TSV1,0.50897,-0.070984,-0.058333,-0.028808,-0.028282,-0.071415,-0.063744,-0.013887,-0.0020637,-0.0092766,-0.058514,-0.013923,0.0001494,0.00077725,-0.004982,-0.028764,-0.002211,0.00080198,-0.00035443,-0.0046252,-0.028304,-0.0095491,-0.0050388,-0.004649,-0.0067943
TSV2,-0.070984,0.50166,-0.054242,-0.047555,-0.028705,-0.074816,-0.047255,-0.053605,-0.013815,-0.010044,-0.022815,-0.017589,-0.0097206,-0.0016935,-0.0058276,-0.0098197,-0.00054627,0.00013556,0.00010596,-0.0044212,-0.008981,-0.0020326,-0.0016554,-0.0019031,-0.0045736
TSV3,-0.058333,-0.054242,0.50614,-0.054274,-0.05825,-0.022937,-0.05454,-0.045152,-0.054672,-0.023013,-0.0066948,-0.010934,-0.01705,-0.010901,-0.0067072,-0.0058039,-0.00018453,-6.2453E-05,-0.0001536,-0.0058548,-0.0049232,-0.0017391,-0.0024265,-0.0017127,-0.0049793
TSV4,-0.028808,-0.047555,-0.054274,0.50129,-0.070964,-0.010029,-0.013787,-0.05354,-0.047299,-0.074929,-0.0058393,-0.0016933,-0.0097724,-0.0176,-0.022962,-0.0043893,0.00010403,0.00011543,-0.00054351,-0.010027,-0.0045614,-0.0019398,-0.0016944,-0.0020306,-0.0092104
TSV5,-0.028282,-0.028705,-0.05825,-0.070964,0.50976,-0.0091713,-0.0019732,-0.013899,-0.063821,-0.071251,-0.0049745,0.00081564,0.00012228,-0.013935,-0.058397,-0.0045576,-0.00033293,0.00078881,-0.0021347,-0.028803,-0.0067199,-0.0046595,-0.0050328,-0.0092942,-0.028323
TSV6,-0.071415,-0.074816,-0.022937,-0.010029,-0.0091713,0.50161,-0.046863,-0.017569,-0.0005176,-0.0019835,-0.054523,-0.053768,-0.0097989,0.00013056,-0.001688,-0.047525,-0.013946,-0.0016725,0.00012879,-0.0019313,-0.028747,-0.010283,-0.0059012,-0.0044523,-0.0046159
TSV7,-0.063744,-0.047255,-0.05454,-0.013787,-0.0019732,-0.046863,0.49636,-0.039105,-0.016859,-0.00046817,-0.054334,-0.03944,-0.047776,-0.0097386,-0.00010451,-0.013666,-0.01691,-0.0098379,-0.0017231,0.00015263,-0.0018756,-0.00047573,-0.00012771,0.00014993,-0.00029095
TSV8,-0.013887,-0.053605,-0.045152,-0.05354,-0.013899,-0.017569,-0.039105,0.49606,-0.039203,-0.017636,-0.010855,-0.04761,-0.038824,-0.047782,-0.010858,-0.0016532,-0.0097938,-0.016842,-0.0097494,-0.0016153,0.00082631,0.0001432,-4.7684E-05,0.00013322,0.00082201
TSV9,-0.0020637,-0.013815,-0.054672,-0.047299,-0.063821,-0.0005176,-0.016859,-0.039203,0.49607,-0.046945,-0.00014949,-0.0098088,-0.047667,-0.039613,-0.054454,0.00010475,-0.0017625,-0.0098323,-0.01692,-0.013781,-0.00033189,0.0001092,-0.00014881,-0.00051249,-0.0020186
TSV10,-0.0092766,-0.010044,-0.023013,-0.074929,-0.071251,-0.0019835,-0.00046817,-0.017636,-0.046945,0.50174,-0.0017065,9.4187E-05,-0.0097215,-0.05373,-0.054385,-0.0019092,0.00012132,-0.0017153,-0.013866,-0.047488,-0.0046215,-0.0044693,-0.0058967,-0.010081,-0.028798
TSV11,-0.058514,-0.022815,-0.0066948,-0.0058393,-0.0049745,-0.054523,-0.054334,-0.010855,-0.00014949,-0.0017065,0.50574,-0.044843,-0.017076,-5.2557E-05,-0.0024379,-0.054383,-0.054719,-0.010894,-0.00016676,-0.0016934,-0.058146,-0.023163,-0.0066735,-0.0058325,-0.0049313
TSV12,-0.013923,-0.017589,-0.010934,-0.0016933,0.00081564,-0.053768,-0.03944,-0.04761,-0.0098088,9.4187E-05,-0.044843,0.49614,-0.038529,-0.016868,-4.59E-05,-0.053617,-0.039477,-0.047708,-0.0098052,0.00016811,-0.013841,-0.017567,-0.01087,-0.0016587,0.00084539
TSV13,0.0001494,-0.0097206,-0.01705,-0.0097724,0.00012228,-0.0097989,-0.047776,-0.038824,-0.047667,-0.0097215,-0.017076,-0.038529,0.49793,-0.038507,-0.017066,-0.0097261,-0.047758,-0.038781,-0.04778,-0.0097348,0.00013173,-0.0097733,-0.017085,-0.0097703,0.00011054
TSV14,0.00077725,-0.0016935,-0.010901,-0.0176,-0.013935,0.00013056,-0.0097386,-0.047782,-0.039613,-0.05373,-5.2557E-05,-0.016868,-0.038507,0.49672,-0.044806,0.00012519,-0.0098301,-0.047661,-0.039464,-0.053731,0.00082354,-0.0016755,-0.010896,-0.017584,-0.013897
TSV15,-0.004982,-0.0058276,-0.0067072,-0.022962,-0.058397,-0.001688,-0.00010451,-0.010858,-0.054454,-0.054385,-0.0024379,-4.59E-05,-0.017066,-0.044806,0.50547,-0.0016742,-0.00013462,-0.010884,-0.054488,-0.054465,-0.0049956,-0.0058695,-0.0067139,-0.022966,-0.058299
TSV16,-0.028764,-0.0098197,-0.0058039,-0.0043893,-0.0045576,-0.047525,-0.013666,-0.0016532,0.00010475,-0.0019092,-0.054383,-0.053617,-0.0097261,0.00012519,-0.0016742,0.50147,-0.047099,-0.017583,-0.00051915,-0.0019984,-0.071053,-0.075109,-0.02295,-0.010025,-0.0091877
TSV17,-0.002211,-0.00054627,-0.00018453,0.00010403,-0.00033293,-0.013946,-0.01691,-0.0097938,-0.0017625,0.00012132,-0.054719,-0.039477,-0.047758,-0.0098301,-0.00013462,-0.047099,0.4966,-0.039096,-0.01687,-0.00051477,-0.064031,-0.047375,-0.054609,-0.013849,-0.0020567
TSV18,0.00080198,0.00013556,-6.2453E-05,0.00011543,0.00078881,-0.0016725,-0.0098379,-0.016842,-0.0098323,-0.0017153,-0.010894,-0.047708,-0.038781,-0.047661,-0.010884,-0.017583,-0.039096,0.49647,-0.039049,-0.017599,-0.013942,-0.053697,-0.045296,-0.053633,-0.013892
TSV19,-0.00035443,0.00010596,-0.0001536,-0.00054351,-0.0021347,0.00012879,-0.0017231,-0.0097494,-0.01692,-0.013866,-0.00016676,-0.0098052,-0.04778,-0.039464,-0.054488,-0.00051915,-0.01687,-0.039049,0.49626,-0.047121,-0.002081,-0.013838,-0.054627,-0.047412,-0.063926
TSV20,-0.0046252,-0.0044212,-0.0058548,-0.010027,-0.028803,-0.0019313,0.00015263,-0.0016153,-0.013781,-0.047488,-0.0016934,0.00016811,-0.0097348,-0.053731,-0.054465,-0.0019984,-0.00051477,-0.017599,-0.047121,0.50175,-0.0092592,-0.010073,-0.023025,-0.074982,-0.071121
TSV21,-0.028304,-0.008981,-0.0049232,-0.0045614,-0.0067199,-0.028747,-0.0018756,0.00082631,-0.00033189,-0.0046215,-0.058146,-0.013841,0.00013173,0.00082354,-0.0049956,-0.071053,-0.064031,-0.013942,-0.002081,-0.0092592,0.50961,-0.07124,-0.0583,-0.028773,-0.028233
TSV22,-0.0095491,-0.0020326,-0.0017391,-0.0019398,-0.0046595,-0.010283,-0.00047573,0.0001432,0.0001092,-0.0044693,-0.023163,-0.017567,-0.0097733,-0.0016755,-0.0058695,-0.075109,-0.047375,-0.053697,-0.013838,-0.010073,-0.07124,0.5017,-0.054329,-0.047622,-0.028785
TSV23,-0.0050388,-0.0016554,-0.0024265,-0.0016944,-0.0050328,-0.0059012,-0.00012771,-4.7684E-05,-0.00014881,-0.0058967,-0.0066735,-0.01087,-0.017085,-0.010896,-0.0067139,-0.02295,-0.054609,-0.045296,-0.054627,-0.023025,-0.0583,-0.054329,0.50561,-0.054295,-0.058319
TSV24,-0.004649,-0.0019031,-0.0017127,-0.0020306,-0.0092942,-0.0044523,0.00014993,0.00013322,-0.00051249,-0.010081,-0.0058325,-0.0016587,-0.0097703,-0.017584,-0.022966,-0.010025,-0.013849,-0.053633,-0.047412,-0.074982,-0.028773,-0.047622,-0.054295,0.50139,-0.070869
TSV25,-0.0067943,-0.0045736,-0.0049793,-0.0092104,-0.028323,-0.0046159,-0.00029095,0.00082201,-0.0020186,-0.028798,-0.0049313,0.00084539,0.00011054,-0.013897,-0.058299,-0.0091877,-0.0020567,-0.013892,-0.063926,-0.071121,-0.028233,-0.028785,-0.058319,-0.070869,0.51035

Conductance Matrix Coupling Coefficient
,TSV1,TSV2,TSV3,TSV4,TSV5,TSV6,TSV7,TSV8,TSV9,TSV10,TSV11,TSV12,TSV13,TSV14,TSV15,TSV16,TSV17,TSV18,TSV19,TSV20,TSV21,TSV22,TSV23,TSV24,TSV25,
TSV1,1,0.14048,0.11493,0.057033,0.055523,0.14134,0.12682,0.027638,0.004107,0.018357,0.11533,0.027707,0.00029676,0.0015458,0.0098222,0.056936,0.0043979,0.0015954,0.00070523,0.0091527,0.055577,0.018897,0.0099328,0.0092029,0.013331
TSV2,0.14048,1,0.10765,0.094831,0.056763,0.14914,0.094698,0.10746,0.027693,0.02002,0.045296,0.035257,0.019449,0.0033925,0.011573,0.019578,0.0010945,0.00027163,0.00021236,0.0088124,0.017762,0.0040515,0.0032869,0.0037946,0.0090391
TSV3,0.11493,0.10765,1,0.10775,0.11468,0.045521,0.10881,0.09011,0.10911,0.045666,0.013232,0.02182,0.033964,0.021741,0.01326,0.01152,0.00036808,0.00012459,0.00030648,0.011618,0.0096939,0.0034512,0.0047966,0.0033997,0.0097972
TSV4,0.057033,0.094831,0.10775,1,0.14038,0.02,0.027639,0.10737,0.094849,0.1494,0.011597,0.0033954,0.01956,0.03527,0.045616,0.0087545,0.00020849,0.00023138,0.0010897,0.019994,0.0090248,0.0038681,0.0033656,0.0040503,0.01821
TSV5,0.055523,0.056763,0.11468,0.14038,1,0.018137,0.0039227,0.027639,0.12691,0.14088,0.0097972,0.0016219,0.00024271,0.027692,0.11504,0.0090143,0.0006617,0.001568,0.0042442,0.056952,0.013184,0.0092137,0.0099133,0.018384,0.055529
TSV6,0.14134,0.14914,0.045521,0.02,0.018137,1,0.093917,0.035221,0.0010376,0.0039537,0.10825,0.10778,0.019607,0.00026155,0.0033522,0.094759,0.027943,0.0033514,0.00025814,0.0038496,0.056857,0.020497,0.011718,0.008878,0.0091231
TSV7,0.12682,0.094698,0.10881,0.027639,0.0039227,0.093917,1,0.078807,0.033976,0.00093813,0.10845,0.079477,0.096101,0.019613,0.00020865,0.027392,0.034059,0.019818,0.0034719,0.00030585,0.0037294,0.00095331,0.00025492,0.00030053,0.00057808
TSV8,0.027638,0.10746,0.09011,0.10737,0.027639,0.035221,0.078807,1,0.079029,0.03535,0.021671,0.095969,0.078117,0.096259,0.021685,0.0033146,0.019732,0.033937,0.01965,0.0032377,0.0016435,0.00028705,9.5214E-05,0.00026713,0.0016337
TSV9,0.004107,0.027693,0.10911,0.094849,0.12691,0.0010376,0.033976,0.079029,1,0.094098,0.00029845,0.019772,0.095909,0.079802,0.10875,0.00021002,0.0035511,0.019812,0.034102,0.027622,0.00066009,0.00021889,0.00029713,0.0010276,0.0040118
TSV10,0.018357,0.02002,0.045666,0.1494,0.14088,0.0039537,0.00093813,0.03535,0.094098,1,0.0033876,0.00018878,0.01945,0.10763,0.10799,0.0038061,0.00024305,0.0034367,0.027789,0.094646,0.0091396,0.0089079,0.011707,0.020099,0.05691
TSV11,0.11533,0.045296,0.013232,0.011597,0.0097972,0.10825,0.10845,0.021671,0.00029845,0.0033876,1,0.089521,0.034028,0.00010486,0.0048218,0.10799,0.10919,0.02174,0.00033288,0.0033616,0.11454,0.045984,0.013197,0.011583,0.0097066
TSV12,0.027707,0.035257,0.02182,0.0033954,0.0016219,0.10778,0.079477,0.095969,0.019772,0.00018878,0.089521,1,0.077517,0.033978,9.1656E-05,0.10749,0.079531,0.096126,0.019761,0.00033693,0.027526,0.03521,0.021703,0.0033257,0.00168
TSV13,0.00029676,0.019449,0.033964,0.01956,0.00024271,0.019607,0.096101,0.078117,0.095909,0.01945,0.034028,0.077517,1,0.077429,0.034017,0.019464,0.096042,0.077999,0.096119,0.019476,0.00026151,0.019554,0.034051,0.019554,0.00021928
TSV14,0.0015458,0.0033925,0.021741,0.03527,0.027692,0.00026155,0.019613,0.096259,0.079802,0.10763,0.00010486,0.033978,0.077429,1,0.089419,0.00025083,0.019793,0.095976,0.079487,0.10763,0.0016369,0.0033563,0.021743,0.035235,0.027601
TSV15,0.0098222,0.011573,0.01326,0.045616,0.11504,0.0033522,0.00020865,0.021685,0.10875,0.10799,0.0048218,9.1656E-05,0.034017,0.089419,1,0.0033253,0.00026869,0.021728,0.10879,0.10815,0.0098428,0.011655,0.013281,0.045619,0.11478
TSV16,0.056936,0.019578,0.01152,0.0087545,0.0090143,0.094759,0.027392,0.0033146,0.00021002,0.0038061,0.10799,0.10749,0.019464,0.00025083,0.0033253,1,0.094381,0.03524,0.0010407,0.003984,0.14055,0.14974,0.045578,0.019993,0.018162
TSV17,0.0043979,0.0010945,0.00036808,0.00020849,0.0006617,0.027943,0.034059,0.019732,0.0035511,0.00024305,0.10919,0.079531,0.096042,0.019793,0.00026869,0.094381,1,0.078737,0.033983,0.0010313,0.12728,0.094913,0.10898,0.027755,0.0040854
TSV18,0.0015954,0.00027163,0.00012459,0.00023138,0.001568,0.0033514,0.019818,0.033937,0.019812,0.0034367,0.02174,0.096126,0.077999,0.095976,0.021728,0.03524,0.078737,1,0.078669,0.035262,0.027718,0.10759,0.090408,0.1075,0.027599
TSV19,0.00070523,0.00021236,0.00030648,0.0010897,0.0042442,0.00025814,0.0034719,0.01965,0.034102,0.027789,0.00033288,0.019761,0.096119,0.079487,0.10879,0.0010407,0.033983,0.078669,1,0.094431,0.0041382,0.027732,0.10906,0.095049,0.12703
TSV20,0.0091527,0.0088124,0.011618,0.019994,0.056952,0.0038496,0.00030585,0.0032377,0.027622,0.094646,0.0033616,0.00033693,0.019476,0.10763,0.10815,0.003984,0.0010313,0.035262,0.094431,1,0.018311,0.020076,0.045714,0.14949,0.14055
TSV21,0.055577,0.017762,0.0096939,0.0090248,0.013184,0.056857,0.0037294,0.0016435,0.00066009,0.0091396,0.11454,0.027526,0.00026151,0.0016369,0.0098428,0.14055,0.12728,0.027718,0.0041382,0.018311,1,0.14089,0.11485,0.056922,0.055362
TSV22,0.018897,0.0040515,0.0034512,0.0038681,0.0092137,0.020497,0.00095331,0.00028705,0.00021889,0.0089079,0.045984,0.03521,0.019554,0.0033563,0.011655,0.14974,0.094913,0.10759,0.027732,0.020076,0.14089,1,0.10787,0.094951,0.056886
TSV23,0.0099328,0.0032869,0.0047966,0.0033656,0.0099133,0.011718,0.00025492,9.5214E-05,0.00029713,0.011707,0.013197,0.021703,0.034051,0.021743,0.013281,0.045578,0.10898,0.090408,0.10906,0.045714,0.11485,0.10787,1,0.10784,0.11481
TSV24,0.0092029,0.0037946,0.0033997,0.0040503,0.018384,0.008878,0.00030053,0.00026713,0.0010276,0.020099,0.011583,0.0033257,0.019554,0.035235,0.045619,0.019993,0.027755,0.1075,0.095049,0.14949,0.056922,0.094951,0.10784,1,0.1401
TSV25,0.013331,0.0090391,0.0097972,0.01821,0.055529,0.0091231,0.00057808,0.0016337,0.0040118,0.05691,0.0097066,0.00168,0.00021928,0.027601,0.11478,0.018162,0.0040854,0.027599,0.12703,0.14055,0.055362,0.056886,0.11481,0.1401,1

Spice Conductance Matrix
,TSV1,TSV2,TSV3,TSV4,TSV5,TSV6,TSV7,TSV8,TSV9,TSV10,TSV11,TSV12,TSV13,TSV14,TSV15,TSV16,TSV17,TSV18,TSV19,TSV20,TSV21,TSV22,TSV23,TSV24,TSV25,
TSV1,-0.0038087,0.070984,0.058333,0.028808,0.028282,0.071415,0.063744,0.013887,0.0020637,0.0092766,0.058514,0.013923,-0.0001494,-0.00077725,0.004982,0.028764,0.002211,-0.00080198,0.00035443,0.0046252,0.028304,0.0095491,0.0050388,0.004649,0.0067943
TSV2,0.070984,0.0092997,0.054242,0.047555,0.028705,0.074816,0.047255,0.053605,0.013815,0.010044,0.022815,0.017589,0.0097206,0.0016935,0.0058276,0.0098197,0.00054627,-0.00013556,-0.00010596,0.0044212,0.008981,0.0020326,0.0016554,0.0019031,0.0045736
TSV3,0.058333,0.054242,0.00059839,0.054274,0.05825,0.022937,0.05454,0.045152,0.054672,0.023013,0.0066948,0.010934,0.01705,0.010901,0.0067072,0.0058039,0.00018453,6.2453E-05,0.0001536,0.0058548,0.0049232,0.0017391,0.0024265,0.0017127,0.0049793
TSV4,0.028808,0.047555,0.054274,0.0080596,0.070964,0.010029,0.013787,0.05354,0.047299,0.074929,0.0058393,0.0016933,0.0097724,0.0176,0.022962,0.0043893,-0.00010403,-0.00011543,0.00054351,0.010027,0.0045614,0.0019398,0.0016944,0.0020306,0.0092104
TSV5,0.028282,0.028705,0.05825,0.070964,-0.0019885,0.0091713,0.0019732,0.013899,0.063821,0.071251,0.0049745,-0.00081564,-0.00012228,0.013935,0.058397,0.0045576,0.00033293,-0.00078881,0.0021347,0.028803,0.0067199,0.0046595,0.0050328,0.0092942,0.028323
TSV6,0.071415,0.074816,0.022937,0.010029,0.0091713,0.00772,0.046863,0.017569,0.0005176,0.0019835,0.054523,0.053768,0.0097989,-0.00013056,0.001688,0.047525,0.013946,0.0016725,-0.00012879,0.0019313,0.028747,0.010283,0.0059012,0.0044523,0.0046159
TSV7,0.063744,0.047255,0.05454,0.013787,0.0019732,0.046863,0.015766,0.039105,0.016859,0.00046817,0.054334,0.03944,0.047776,0.0097386,0.00010451,0.013666,0.01691,0.0098379,0.0017231,-0.00015263,0.0018756,0.00047573,0.00012771,-0.00014993,0.00029095
TSV8,0.013887,0.053605,0.045152,0.05354,0.013899,0.017569,0.039105,0.0087606,0.039203,0.017636,0.010855,0.04761,0.038824,0.047782,0.010858,0.0016532,0.0097938,0.016842,0.0097494,0.0016153,-0.00082631,-0.0001432,4.7684E-05,-0.00013322,-0.00082201
TSV9,0.0020637,0.013815,0.054672,0.047299,0.063821,0.0005176,0.016859,0.039203,0.014088,0.046945,0.00014949,0.0098088,0.047667,0.039613,0.054454,-0.00010475,0.0017625,0.0098323,0.01692,0.013781,0.00033189,-0.0001092,0.00014881,0.00051249,0.0020186
TSV10,0.0092766,0.010044,0.023013,0.074929,0.071251,0.0019835,0.00046817,0.017636,0.046945,0.0080241,0.0017065,-9.4187E-05,0.0097215,0.05373,0.054385,0.0019092,-0.00012132,0.0017153,0.013866,0.047488,0.0046215,0.0044693,0.0058967,0.010081,0.028798
TSV11,0.058514,0.022815,0.0066948,0.0058393,0.0049745,0.054523,0.054334,0.010855,0.00014949,0.0017065,0.00032225,0.044843,0.017076,5.2557E-05,0.0024379,0.054383,0.054719,0.010894,0.00016676,0.0016934,0.058146,0.023163,0.0066735,0.0058325,0.0049313
TSV12,0.013923,0.017589,0.010934,0.0016933,-0.00081564,0.053768,0.03944,0.04761,0.0098088,-9.4187E-05,0.044843,0.0084666,0.038529,0.016868,4.59E-05,0.053617,0.039477,0.047708,0.0098052,-0.00016811,0.013841,0.017567,0.01087,0.0016587,-0.00084539
TSV13,-0.0001494,0.0097206,0.01705,0.0097724,-0.00012228,0.0097989,0.047776,0.038824,0.047667,0.0097215,0.017076,0.038529,0.0065263,0.038507,0.017066,0.0097261,0.047758,0.038781,0.04778,0.0097348,-0.00013173,0.0097733,0.017085,0.0097703,-0.00011054
TSV14,-0.00077725,0.0016935,0.010901,0.0176,0.013935,-0.00013056,0.0097386,0.047782,0.039613,0.05373,5.2557E-05,0.016868,0.038507,0.0086096,0.044806,-0.00012519,0.0098301,0.047661,0.039464,0.053731,-0.00082354,0.0016755,0.010896,0.017584,0.013897
TSV15,0.004982,0.0058276,0.0067072,0.022962,0.058397,0.001688,0.00010451,0.010858,0.054454,0.054385,0.0024379,4.59E-05,0.017066,0.044806,0.00026229,0.0016742,0.00013462,0.010884,0.054488,0.054465,0.0049956,0.0058695,0.0067139,0.022966,0.058299
TSV16,0.028764,0.0098197,0.0058039,0.0043893,0.0045576,0.047525,0.013666,0.0016532,-0.00010475,0.0019092,0.054383,0.053617,0.0097261,-0.00012519,0.0016742,0.0086875,0.047099,0.017583,0.00051915,0.0019984,0.071053,0.075109,0.02295,0.010025,0.0091877
TSV17,0.002211,0.00054627,0.00018453,-0.00010403,0.00033293,0.013946,0.01691,0.0097938,0.0017625,-0.00012132,0.054719,0.039477,0.047758,0.0098301,0.00013462,0.047099,0.013716,0.039096,0.01687,0.00051477,0.064031,0.047375,0.054609,0.013849,0.0020567
TSV18,-0.00080198,-0.00013556,6.2453E-05,-0.00011543,-0.00078881,0.0016725,0.0098379,0.016842,0.0098323,0.0017153,0.010894,0.047708,0.038781,0.047661,0.010884,0.017583,0.039096,0.0086369,0.039049,0.017599,0.013942,0.053697,0.045296,0.053633,0.013892
TSV19,0.00035443,-0.00010596,0.0001536,0.00054351,0.0021347,-0.00012879,0.0017231,0.0097494,0.01692,0.013866,0.00016676,0.0098052,0.04778,0.039464,0.054488,0.00051915,0.01687,0.039049,0.013899,0.047121,0.002081,0.013838,0.054627,0.047412,0.063926
TSV20,0.0046252,0.0044212,0.0058548,0.010027,0.028803,0.0019313,-0.00015263,0.0016153,0.013781,0.047488,0.0016934,-0.00016811,0.0097348,0.053731,0.054465,0.0019984,0.00051477,0.017599,0.047121,0.0082038,0.0092592,0.010073,0.023025,0.074982,0.071121
TSV21,0.028304,0.008981,0.0049232,0.0045614,0.0067199,0.028747,0.0018756,-0.00082631,0.00033189,0.0046215,0.058146,0.013841,-0.00013173,-0.00082354,0.0049956,0.071053,0.064031,0.013942,0.002081,0.0092592,-0.001572,0.07124,0.0583,0.028773,0.028233
TSV22,0.0095491,0.0020326,0.0017391,0.0019398,0.0046595,0.010283,0.00047573,-0.0001432,-0.0001092,0.0044693,0.023163,0.017567,0.0097733,0.0016755,0.0058695,0.075109,0.047375,0.053697,0.013838,0.010073,0.07124,0.0066933,0.054329,0.047622,0.028785
TSV23,0.0050388,0.0016554,0.0024265,0.0016944,0.0050328,0.0059012,0.00012771,4.7684E-05,0.00014881,0.0058967,0.0066735,0.01087,0.017085,0.010896,0.0067139,0.02295,0.054609,0.045296,0.054627,0.023025,0.0583,0.054329,-0.00035141,0.054295,0.058319
